0.5262327818078083
0.7850467289719625
0.5625000000000001
0.5262327818078083
0.7483050847457626
0.5262327818078083
0.5262327818078083
0.764705882352941
0.3693910911319984
0.5262327818078083
0.47882136279926335
0.3764705882352941
0.5262327818078083
0.8333333333333333
0.5649484536082474
0.5262327818078083
0.5262327818078083
0.7499999999999999
0.5262327818078083
0.5262327818078083
0.5262327818078083
0.5262327818078083
0.6493506493506495
0.5
0.5262327818078083
0.5305096913137115
0.5262327818078083
0.5262327818078083
0.8579088471849866
0.43181818181818177
0.5262327818078083
0.6101694915254235
0.45783132530120485
0.5262327818078083
0.4028629856850714
0.5017605633802817
0.5262327818078083
0.5441789912779675
0.5262327818078083
0.5262327818078083
0.8260869565217391
0.5262327818078083
0.5262327818078083
0.5262327818078083
0.5358744394618834
0.5262327818078083
0.345679012345679
0.8571428571428571
0.5262327818078083
0.564547206165703
0.5262327818078083
0.5262327818078083
0.35408560311284054
0.35408560311284054
0.5262327818078083
0.5262327818078083
0.5262327818078083
0.5262327818078083
0.4291609353507564
0.5732087227414331
0.5262327818078083
0.40914866581956777
0.2871621621621623
0.5262327818078083
0.40540540540540504
0.42000000000000015
0.5262327818078083
0.7857142857142858
0.8035714285714286
0.5262327818078083
0.5384615384615385
0.7499999999999999
0.5262327818078083
0.5499999999999999
0.6777777777777778
0.5262327818078083
0.6536312849162014
0.7230769230769232
0.5262327818078083
0.42307692307692335
0.5
0.5262327818078083
0.5
0.9333333333333333
0.5262327818078083
0.5875212430201505
0.5262327818078083
0.5262327818078083
0.5262327818078083
0.19999999999999996
0.5262327818078083
0.06666666666666665
0.6142857142857142
0.5262327818078083
0.35593220338983034
0.3975903614457833
0.5262327818078083
0.5769230769230766
0.5098039215686277
0.5262327818078083
0.5
0.4130434782608695
0.5262327818078083
0.6551724137931035
0.40625
0.5262327818078083
0.7164835164835165
0.737704918032787
0.5262327818078083
0.3150105708245242
0.32384341637010694
0.5262327818078083
0.7307692307692306
0.4951644100580269
0.5262327818078083
0.5262327818078083
0.641509433962264
0.5262327818078083
0.589403973509934
0.5714285714285716
0.5262327818078083
0.40914866581956777
0.4838709677419355
0.5262327818078083
0.7633928571428572
0.45238095238095233
0.5262327818078083
0.669724770642202
0.28409090909090906
0.5262327818078083
0.5262327818078083
0.5098039215686277
0.9298245614035086
0.5262327818078083
0.07999999999999996
0.5017605633802817
0.5262327818078083
0.5262327818078083
0.5
0.5262327818078083
0.31063829787234054
0.3684210526315791
0.5262327818078083
0.6111111111111112
0.5
0.5262327818078083
0.5999999999999999
0.7499999999999999
0.5262327818078083
0.5262327818078083
0.3693910911319984
0.5262327818078083
0.5262327818078083
0.7648725212464591
0.34939759036144546
0.5262327818078083
0.467669172932331
0.6536312849162014
0.5262327818078083
0.9473684210526315
0.7499999999999999
0.5262327818078083
0.38121739130434773
0.5333333333333333
0.5041975308641975
0.5262327818078083
0.8888888888888888
0.4403470715835145
0.5262327818078083
0.23140495867768596
0.397058823529412
0.5262327818078083
0.6536312849162014
0.5
0.5262327818078083
0.3693910911319984
0.6034482758620688
0.09859154929577485
0.5262327818078083
0.5262327818078083
0.5262327818078083
0.5262327818078083
0.5262327818078083
0.5262327818078083
0.589403973509934
0.5262327818078083
0.5909090909090907
0.8
0.5262327818078083
0.507878787878788
0.5262327818078083
0.5262327818078083
0.4516129032258063
0.5714285714285714
0.5262327818078083
0.7664233576642335
0.7483050847457626
0.5262327818078083
0.5262327818078083
0.6847826086956522
0.5183574879227053
0.5262327818078083
0.5333333333333333
0.5999999999999999
0.5262327818078083
0.8333333333333333
0.5
0.5262327818078083
0.40914866581956777
0.5262327818078083
0.5
0.5262327818078083
0.5262327818078083
0.5262327818078083
0.7924812030075188
0.5262327818078083
0.40625
0.34289617486338797
0.5262327818078083
0.5319597284008428
0.2500000000000001
0.5262327818078083
0.2500000000000001
0.40914866581956777
0.5
0.5
0.5262327818078083
0.4516129032258063
0.2500000000000001
0.5262327818078083
0.5
0.5476190476190477
0.5262327818078083
0.7692307692307692
0.7916666666666667
0.5262327818078083
0.11475409836065564
0.6666666666666666
0.5262327818078083
0.3150105708245242
0.7648725212464591
0.5262327818078083
0.5262327818078083
0.3640081799591002
0.5262327818078083
0.6216216216216218
0.39197680038666016
0.5262327818078083
0.4738330975954739
0.7499999999999999
0.5262327818078083
0.8333333333333333
0.8615384615384615
0.5262327818078083
0.3296703296703295
0.35616438356164404
0.5262327818078083
0.42105263157894746
0.5099050763516304
0.5443786982248525
0.5262327818078083
0.4807692307692304
0.6805555555555556
0.5262327818078083
0.3693910911319984
0.584
0.5262327818078083
0.3257443082311735
0.4303797468354429
0.5262327818078083
0.3693910911319984
0.5441789912779675
0.5262327818078083
0.3869346733668344
0.25210084033613434
0.5262327818078083
0.5147058823529411
0.408695652173913
0.5262327818078083
0.6885245901639343
0.7648725212464591
0.5262327818078083
0.5262327818078083
0.5262327818078083
0.5262327818078083
0.6558628208940429
0.6193548387096776
0.5262327818078083
0.19999999999999996
0.5441789912779675
0.5262327818078083
0.5443786982248525
0.5934230194319879
0.5262327818078083
0.3620689655172413
0.5262327818078083
0.34387502381406
0.5262327818078083
0.7483050847457626
0.5702515177797052
0.5262327818078083
0.5262327818078083
0.5
0.3764705882352941
0.5262327818078083
0.5875212430201505
0.3693910911319984
0.3793103448275865
0.5262327818078083
0.40914866581956777
0.5262327818078083
0.5262327818078083
0.5
0.5
0.5262327818078083
0.38398357289527707
0.2500000000000001
0.5262327818078083
0.2500000000000001
0.2500000000000001
0.5262327818078083
0.5262327818078083
0.7264957264957267
0.5262327818078083
0.6666666666666666
0.5714285714285716
0.5262327818078083
0.5262327818078083
0.43653543307086606
0.5262327818078083
0.39197680038666016
0.4536082474226808
0.5262327818078083
0.5262327818078083
0.5
0.5262327818078083
0.3437908496732025
0.4180327868852457
0.5262327818078083
0.49101796407185605
0.5262327818078083
0.5262327818078083
0.4845814977973566
0.5262327818078083
0.5217391304347825
0.3081395348837208
0.5262327818078083
0.6666666666666666
0.5303030303030304
0.5262327818078083
0.5262327818078083
0.5
0.5262327818078083
0.42934782608695654
0.7483050847457626
0.5262327818078083
0.3257443082311735
0.42000000000000015
0.5262327818078083
0.5287621982537237
0.3437500000000001
0.5262327818078083
0.5319597284008428
0.6999999999999997
0.5262327818078083
0.4303797468354429
0.335570469798658
0.5262327818078083
0.5262327818078083
0.8860759493670887
0.5262327818078083
0.5875212430201505
0.5262327818078083
0.5262327818078083
0.4388489208633094
0.44117647058823506
0.5262327818078083
0.8333333333333333
0.5262327818078083
0.5262327818078083
0.764705882352941
0.4677966101694915
0.5262327818078083
0.4388489208633094
0.3157894736842105
0.5262327818078083
0.13043478260869557
0.2543859649122804
0.5262327818078083
0.37254901960784337
0.5
0.5262327818078083
0.4146341463414638
0.6499999999999999
0.5262327818078083
0.5262327818078083
0.3764705882352941
0.5262327818078083
0.5305096913137115
0.7648725212464591
0.5262327818078083
0.40914866581956777
0.31063829787234054
0.5262327818078083
0.05882352941176472
0.875
0.5262327818078083
0.7656903765690377
0.7707509881422924
0.5262327818078083
0.5147058823529411
0.34482758620689646
0.5262327818078083
0.5
0.38235294117647056
0.5262327818078083
0.40914866581956777
0.5
0.5262327818078083
0.5762711864406778
0.6805555555555556
0.7664233576642335
0.5262327818078083
0.5262327818078083
0.5262327818078083
0.5262327818078083
0.5262327818078083
0.45783132530120485
0.38121739130434773
0.5262327818078083
0.4516129032258063
0.5262327818078083
0.5262327818078083
0.5262327818078083
0.7049180327868854
0.5262327818078083
0.5441789912779675
0.5262327818078083
0.5262327818078083
0.5262327818078083
0.3693910911319984
0.5287621982537237
0.7648725212464591
0.5262327818078083
0.38398357289527707
0.11475409836065564
0.5262327818078083
0.4388489208633094
0.4388489208633094
0.5262327818078083
0.6062992125984252
0.5262327818078083
0.5262327818078083
0.5
0.5287621982537237
0.5262327818078083
0.5702515177797052
0.5649484536082474
0.5262327818078083
0.44067796610169496
0.5262327818078083
0.5262327818078083
0.5262327818078083
0.5262327818078083
0.5262327818078083
0.5262327818078083
0.45101663585951923
0.5262327818078083
0.4583333333333335
0.5262327818078083
0.5262327818078083
0.8947368421052632
0.8559322033898306
0.5262327818078083
0.5262327818078083
0.8333333333333333
0.5262327818078083
0.8653846153846153
0.5262327818078083
0.5262327818078083
0.45101663585951923
0.692307692307692
0.5262327818078083
0.6847826086956522
0.5999999999999999
0.5262327818078083
0.7499999999999999
0.47560975609756084
0.5262327818078083
0.4722222222222221
0.39610256410256395
0.5262327818078083
0.3693910911319984
0.39041446358519516
0.5262327818078083
0.5287621982537237
0.7648725212464591
0.2500000000000001
0.2500000000000001
0.5262327818078083
0.6101694915254235
0.21739130434782616
0.34289617486338797
0.2500000000000001
0.5262327818078083
0.6456953642384105
0.8333333333333333
0.5262327818078083
0.5262327818078083
0.467669172932331
0.5262327818078083
0.5262327818078083
0.3560057887120115
0.7499999999999999
0.5262327818078083
0.6142857142857142
0.5262327818078083
0.5262327818078083
0.5496688741721852
0.5748502994011978
0.5262327818078083
0.40914866581956777
0.2564102564102565
0.5262327818078083
0.764705882352941
0.7777777777777779
0.5262327818078083
0.6666666666666666
0.408695652173913
0.5262327818078083
0.3403041825095059
0.7000000000000001
0.5262327818078083
0.536
0.7307692307692306
0.5262327818078083
0.6394849785407725
0.2063492063492065
0.5262327818078083
0.6813186813186815
0.33777777777777795
0.7391304347826086
0.5702479338842974
0.5262327818078083
0.5833333333333336
0.6958904109589041
0.5262327818078083
0.8
0.8333333333333333
0.5262327818078083
0.6101694915254235
0.38121739130434773
0.5262327818078083
0.6363636363636364
0.6666666666666666
0.5262327818078083
0.7187500000000002
0.5
0.5262327818078083
0.7499999999999999
0.7483050847457626
0.5262327818078083
0.7664233576642335
0.3855421686746988
0.5262327818078083
0.5179063360881544
0.5262327818078083
0.5262327818078083
0.34387502381406
0.5454545454545455
0.5262327818078083
0.3869346733668344
0.5321100917431194
0.5262327818078083
0.408695652173913
0.5183574879227053
0.5262327818078083
0.5262327818078083
0.9230769230769229
0.5262327818078083
0.8571428571428571
0.34289617486338797
0.5262327818078083
0.5769230769230766
0.5
0.5262327818078083
0.6732684101105153
0.7164835164835165
0.5262327818078083
0.40914866581956777
0.5683646112600538
0.5262327818078083
0.4644808743169403
0.9090909090909091
0.5262327818078083
0.5748502994011978
0.5262327818078083
0.5262327818078083
0.38121739130434773
0.5262327818078083
0.5262327818078083
0.6666666666666666
0.6153846153846156
0.5262327818078083
0.3560057887120115
0.3560057887120115
0.5262327818078083
0.801980198019802
0.4418604651162791
0.5262327818078083
0.8333333333333333
0.5262327818078083
0.5262327818078083
0.32864913871260204
0.3764705882352941
0.5262327818078083
0.7000000000000001
0.7333333333333333
0.5262327818078083
0.50814332247557
0.584
0.5262327818078083
0.8333333333333333
0.5
0.5262327818078083
0.38888888888888884
0.875
0.5262327818078083
0.6551724137931035
0.2433460076045625
0.5262327818078083
0.3693910911319984
0.2880952380952383
0.5262327818078083
0.5262327818078083
0.5262327818078083
0.38398357289527707
0.5082095387021112
0.5262327818078083
0.7664233576642335
0.4583333333333335
0.5262327818078083
0.5262327818078083
0.5262327818078083
0.5702515177797052
0.5262327818078083
0.3693910911319984
0.5262327818078083
0.5262327818078083
0.6519823788546256
0.5262327818078083
0.5262327818078083
0.3150105708245242
0.7499999999999999
0.5262327818078083
0.451171875
0.45101663585951923
0.5262327818078083
0.5262327818078083
0.5262327818078083
0.5262327818078083
0.7187500000000002
0.8888888888888887
0.5262327818078083
0.5826296743063932
0.5262327818078083
0.5262327818078083
0.5
0.5
0.5262327818078083
0.5909090909090907
0.7142857142857141
0.5262327818078083
0.5041975308641975
0.34575835475578387
0.5649484536082474
0.5262327818078083
0.5
0.5
0.5262327818078083
0.29999999999999993
0.9076923076923077
0.5262327818078083
0.5649484536082474
0.671717171717172
0.5262327818078083
0.2500000000000001
0.44444444444444464
0.5262327818078083
0.4644808743169403
0.5262327818078083
0.5262327818078083
0.3500000000000001
0.7506702412868634
0.5262327818078083
0.8999999999999999
0.5262327818078083
0.5262327818078083
0.48780487804878037
0.684931506849315
0.5262327818078083
0.40000000000000013
0.5
0.5262327818078083
0.5459317585301836
0.38121739130434773
0.8333333333333333
0.5262327818078083
0.5900709219858153
0.5262327818078083
0.5262327818078083
0.50814332247557
0.5262327818078083
0.5262327818078083
0.6016597510373444
0.6239316239316238
0.5262327818078083
0.4328358208955221
0.9076923076923077
0.5262327818078083
0.9090909090909091
0.4508547008547008
0.5401234567901233
0.5262327818078083
0.48214285714285743
0.5262327818078083
0.5262327818078083
0.40000000000000013
0.5
0.5262327818078083
0.29999999999999993
0.5
0.5262327818078083
0.7648725212464591
0.5099050763516304
0.5702515177797052
0.5262327818078083
0.3693910911319984
0.5875212430201505
0.5262327818078083
0.5443786982248525
0.5
0.5262327818078083
0.6558628208940429
0.35408560311284054
0.5262327818078083
0.45814977973568316
0.6039603960396038
0.5262327818078083
0.5645161290322579
0.5714285714285714
0.5262327818078083
0.5262327818078083
0.5262327818078083
0.5714285714285716
0.7499999999999999
0.5262327818078083
0.41272051996285974
0.3855421686746988
0.5262327818078083
0.47882136279926335
0.3512195121951217
0.5262327818078083
0.8999999999999999
0.9411764705882353
0.5262327818078083
0.50814332247557
0.803921568627451
0.5262327818078083
0.5262327818078083
0.9076923076923077
0.5262327818078083
0.818181818181818
0.5441789912779675
0.5262327818078083
0.26845637583892623
0.5441789912779675
0.5262327818078083
0.5
0.363517060367454
0.5262327818078083
0.5262327818078083
0.5454545454545455
0.5262327818078083
0.5702515177797052
0.609756097560976
0.5262327818078083
0.5
0.5
0.5262327818078083
0.6958904109589041
0.6536312849162014
0.5262327818078083
0.3693910911319984
0.3855421686746988
0.5262327818078083
0.5826296743063932
0.5262327818078083
0.5262327818078083
0.875
0.5
0.5262327818078083
0.6122448979591835
0.42105263157894746
0.5262327818078083
0.7333333333333333
0.3793103448275865
0.5262327818078083
0.7499999999999999
0.8333333333333333
0.5262327818078083
0.7714285714285717
0.5183574879227053
0.5262327818078083
0.5649484536082474
0.8823529411764705
0.5262327818078083
0.7272727272727271
0.5357142857142855
0.5262327818078083
0.8999999999999999
0.35074626865671665
0.5262327818078083
0.39041446358519516
0.517274472168906
0.5262327818078083
0.5262327818078083
0.5262327818078083
0.5262327818078083
0.4166666666666664
0.5443786982248525
0.5262327818078083
0.38398357289527707
0.5555555555555554
0.5262327818078083
0.34575835475578387
0.2063492063492065
0.5262327818078083
0.5262327818078083
0.3764705882352941
0.5262327818078083
0.5192307692307692
0.5262327818078083
0.5262327818078083
0.3257443082311735
0.7499999999999999
0.5262327818078083
0.5262327818078083
0.3846153846153848
0.5262327818078083
0.3669724770642201
0.5099050763516304
0.5262327818078083
0.7499999999999999
0.33777777777777795
0.5262327818078083
0.5826296743063932
0.4328358208955221
0.5262327818078083
0.5262327818078083
0.4508547008547008
0.5262327818078083
0.3512195121951217
0.5
0.5262327818078083
0.5
0.692307692307692
0.5262327818078083
0.5238095238095241
0.5262327818078083
0.5262327818078083
0.5
0.5
0.5262327818078083
0.5286738351254483
0.5262327818078083
0.5262327818078083
0.5262327818078083
0.6805555555555556
0.5262327818078083
0.8947368421052632
0.6875000000000002
0.5262327818078083
0.7656903765690377
0.584
0.5262327818078083
0.34426229508196715
0.4470588235294115
0.5262327818078083
0.671717171717172
0.5262327818078083
0.5262327818078083
0.42647058823529405
0.5262327818078083
0.5262327818078083
0.4473684210526315
0.6239316239316238
0.5262327818078083
0.5614035087719293
0.5262327818078083
0.5262327818078083
0.34387502381406
0.5262327818078083
0.5262327818078083
0.6124031007751939
0.50814332247557
0.5262327818078083
0.5732087227414331
0.6281588447653425
0.5262327818078083
0.7454545454545453
0.5702479338842974
0.5262327818078083
0.5243902439024387
0.26845637583892623
0.5262327818078083
0.5151515151515154
0.47882136279926335
0.5262327818078083
0.8579088471849866
0.5555555555555554
0.29999999999999993
0.5262327818078083
0.7500000000000002
0.9500000000000001
0.5262327818078083
0.7483050847457626
0.5262327818078083
0.5262327818078083
0.5
0.38087520259319263
0.5262327818078083
0.5262327818078083
0.5262327818078083
0.5262327818078083
0.5662650602409638
0.8333333333333333
0.5262327818078083
0.5714285714285714
0.40625
0.5262327818078083
0.31219512195121946
0.5
0.5262327818078083
0.44067796610169496
0.5179063360881544
0.5262327818078083
0.7648725212464591
0.6888888888888887
0.5262327818078083
0.9411764705882353
0.7222222222222222
0.5262327818078083
0.5262327818078083
0.45814977973568316
0.5262327818078083
0.34575835475578387
0.8860759493670887
0.5262327818078083
0.6279069767441864
0.42000000000000015
0.5262327818078083
0.5
0.4328358208955221
0.5262327818078083
0.33160621761658027
0.49287749287749283
0.5262327818078083
0.5999999999999999
0.5
0.5262327818078083
0.4347826086956521
0.40000000000000013
0.5262327818078083
0.6666666666666666
0.5443786982248525
0.5
0.5262327818078083
0.3693910911319984
0.5
0.5262327818078083
0.37623762376237646
0.34722222222222254
0.5262327818078083
0.669724770642202
0.5454545454545455
0.5262327818078083
0.378048780487805
0.5396825396825398
0.7499999999999999
0.5262327818078083
0.6331658291457285
0.5714285714285714
0.5262327818078083
0.408695652173913
0.2543859649122804
0.5262327818078083
0.2871621621621623
0.3346534653465346
0.5262327818078083
0.5
0.8888888888888888
0.5262327818078083
0.6545454545454544
0.5099050763516304
0.5262327818078083
0.4892703862660944
0.7809523809523808
0.4285714285714288
0.5262327818078083
0.6666666666666666
0.4406901509705248
0.5262327818078083
0.5495207667731629
0.5702515177797052
0.5262327818078083
0.5702479338842974
0.9047619047619047
0.5262327818078083
0.764705882352941
0.4951644100580269
0.5262327818078083
0.47855340622371756
0.5099050763516304
0.5262327818078083
0.7648725212464591
0.6666666666666666
0.5262327818078083
0.818181818181818
0.5900709219858153
0.5262327818078083
0.7111111111111109
0.564547206165703
0.5262327818078083
0.5262327818078083
0.5495207667731629
0.5262327818078083
0.38398357289527707
0.5
0.5262327818078083
0.5131611932815242
0.5262327818078083
0.5262327818078083
0.5262327818078083
0.5262327818078083
0.3693910911319984
0.45238095238095233
0.5262327818078083
0.39041446358519516
0.3693910911319984
0.6394849785407725
0.5262327818078083
0.5262327818078083
0.5
0.5262327818078083
0.5262327818078083
0.5357142857142855
0.5262327818078083
0.3693910911319984
0.18888888888888877
0.5262327818078083
0.40625
0.5732087227414331
0.5262327818078083
0.3693910911319984
0.8888888888888888
0.5262327818078083
0.34782608695652206
0.5262327818078083
0.5614035087719293
0.3869346733668344
0.5262327818078083
0.7499999999999999
0.7000000000000001
0.5262327818078083
0.6666666666666666
0.6666666666666666
0.5262327818078083
0.5714285714285714
0.5183574879227053
0.5262327818078083
0.4388489208633094
0.44067796610169496
0.5262327818078083
0.6394849785407725
0.5
0.5262327818078083
0.3437500000000001
0.5
0.5262327818078083
0.42934782608695654
0.8478260869565215
0.5262327818078083
0.40955631399317394
0.7648725212464591
0.5262327818078083
0.33333333333333337
0.764705882352941
0.5262327818078083
0.42647058823529405
0.4285714285714288
0.5262327818078083
0.46325878594249204
0.6049382716049383
0.5262327818078083
0.7850467289719625
0.3764705882352941
0.5262327818078083
0.8
0.5999999999999999
0.5262327818078083
0.6666666666666666
0.5443786982248525
0.5262327818078083
0.6885245901639343
0.31818181818181845
0.5262327818078083
0.5
0.625
0.5262327818078083
0.3571428571428569
0.43396226415094363
0.5262327818078083
0.6239316239316238
0.4291609353507564
0.5262327818078083
0.5459317585301836
0.5702515177797052
0.5262327818078083
0.5262327818078083
0.5262327818078083
0.5303030303030304
0.5262327818078083
0.39622641509433976
0.6142857142857142
0.5262327818078083
0.13043478260869557
0.5
0.5262327818078083
0.5262327818078083
0.39041446358519516
0.5262327818078083
0.517274472168906
0.5262327818078083
0.4545454545454545
0.43396226415094363
0.5262327818078083
0.584
0.9545454545454545
0.5262327818078083
0.4390476190476189
0.6813186813186815
0.5262327818078083
0.5
0.38121739130434773
0.5262327818078083
0.7633928571428572
0.918918918918919
0.5262327818078083
0.15625
0.5
0.5262327818078083
0.764705882352941
0.6805555555555556
0.5262327818078083
0.7656903765690377
0.408695652173913
0.5262327818078083
0.5262327818078083
0.5017605633802817
0.5262327818078083
0.8571428571428571
0.5649484536082474
0.6847826086956522
0.3150105708245242
0.5262327818078083
0.3235294117647055
0.5
0.5262327818078083
0.4107142857142858
0.5
0.5262327818078083
0.5262327818078083
0.5262327818078083
0.5443786982248525
0.5183574879227053
0.5262327818078083
0.3869346733668344
0.7272727272727271
0.5262327818078083
0.4146341463414638
0.5262327818078083
0.5262327818078083
0.5081967213114755
0.584
0.5262327818078083
0.4920634920634922
0.6041666666666664
0.5262327818078083
0.5262327818078083
0.5683646112600538
0.5262327818078083
0.4032258064516131
0.517274472168906
0.5262327818078083
0.8529411764705881
0.4374999999999999
0.5262327818078083
0.5262327818078083
0.3571428571428572
0.5262327818078083
0.8636363636363636
0.5262327818078083
0.34575835475578387
0.5649484536082474
0.5262327818078083
0.3869346733668344
0.6206896551724139
0.5262327818078083
0.3512195121951217
0.6101694915254235
0.5262327818078083
0.16666666666666674
0.5
0.375
0.5500000000000004
0.7499999999999999
0.5262327818078083
0.4473684210526315
0.3846153846153848
0.5262327818078083
0.5262327818078083
0.6153846153846156
0.5262327818078083
0.5262327818078083
0.5681818181818182
0.5262327818078083
0.46733668341708556
0.5262327818078083
0.5135135135135137
0.5135135135135137
0.5262327818078083
0.8181818181818182
0.8571428571428571
0.5262327818078083
0.2789699570815448
0.3512195121951217
0.5262327818078083
0.5333333333333333
0.7777777777777779
0.5262327818078083
0.3156966490299825
0.6913580246913578
0.5262327818078083
0.45101663585951923
0.5262327818078083
0.5262327818078083
0.5262327818078083
0.5499999999999999
0.5262327818078083
0.5158730158730157
0.5
0.5262327818078083
0.4516129032258063
0.5262327818078083
0.6519823788546256
0.5262327818078083
0.6519823788546256
0.5262327818078083
0.39622641509433976
0.5
0.5262327818078083
0.7916666666666667
0.8571428571428571
0.5262327818078083
0.680327868852459
0.2500000000000001
0.5262327818078083
0.5
0.9411764705882353
0.5262327818078083
0.11111111111111116
0.35616438356164404
0.5262327818078083
0.5262327818078083
0.8888888888888888
0.5262327818078083
0.5262327818078083
0.5262327818078083
0.5262327818078083
0.46153846153846145
0.13636363636363635
0.5262327818078083
0.7307692307692306
0.3437908496732025
0.5262327818078083
0.2184873949579833
0.5573294629898403
0.5262327818078083
0.39041446358519516
0.6633532140490392
0.5262327818078083
0.5262327818078083
0.7483050847457626
0.5262327818078083
0.45101663585951923
0.5262327818078083
0.5262327818078083
0.5
0.5
0.5262327818078083
0.4845814977973566
0.3294117647058823
0.5262327818078083
0.4538461538461539
0.4130434782608695
0.5262327818078083
0.5262327818078083
0.3869346733668344
0.5262327818078083
0.5319597284008428
0.5262327818078083
0.5262327818078083
0.8
0.6551724137931035
0.5262327818078083
0.50814332247557
0.4291609353507564
0.5492584745762712
0.5262327818078083
0.38398357289527707
0.5875212430201505
0.5262327818078083
0.23809523809523825
0.3846153846153848
0.5262327818078083
0.3693910911319984
0.5
0.5262327818078083
0.5262327818078083
0.44067796610169496
0.5262327818078083
0.3869346733668344
0.5860215053763443
0.5262327818078083
0.8571428571428572
0.5624999999999997
0.5262327818078083
0.5319597284008428
0.3869346733668344
0.5262327818078083
0.5443786982248525
0.8709677419354839
0.5262327818078083
0.26988636363636354
0.5262327818078083
0.5262327818078083
0.5702515177797052
0.5649484536082474
0.5262327818078083
0.7850467289719625
0.5262327818078083
0.5748502994011978
0.5041975308641975
0.5262327818078083
0.6153846153846156
0.5769230769230766
0.5262327818078083
0.45101663585951923
0.7692307692307692
0.5262327818078083
0.5262327818078083
0.737704918032787
0.5262327818078083
0.375
0.7322274881516586
0.5262327818078083
0.6750000000000002
0.5082095387021112
0.5262327818078083
0.5
0.5
0.5262327818078083
0.3437500000000001
0.5262327818078083
0.5262327818078083
0.5262327818078083
0.5262327818078083
0.5262327818078083
0.5321100917431194
0.4845814977973566
0.5262327818078083
0.50814332247557
0.5262327818078083
0.5262327818078083
0.3257443082311735
0.5649484536082474
0.5262327818078083
0.13793103448275856
0.9047619047619047
0.5262327818078083
0.5443786982248525
0.5262327818078083
0.5262327818078083
0.6758409785932725
0.6875000000000002
0.5262327818078083
0.5441789912779675
0.9298245614035086
0.5262327818078083
0.3684210526315791
0.5
0.5262327818078083
0.375
0.8
0.5262327818078083
0.5099050763516304
0.19999999999999996
0.5262327818078083
0.4951644100580269
0.6613756613756616
0.5262327818078083
0.451171875
0.5262327818078083
0.5262327818078083
0.5860215053763443
0.43181818181818177
0.5262327818078083
0.8888888888888888
0.6193548387096776
0.5262327818078083
0.4166666666666664
0.8888888888888888
0.19999999999999996
0.38888888888888884
0.5262327818078083
0.43653543307086606
0.5017605633802817
0.5262327818078083
0.3235294117647055
0.875
0.5262327818078083
0.5262327818078083
0.5683646112600538
0.5262327818078083
0.6666666666666666
0.5517241379310347
0.5262327818078083
0.5262327818078083
0.4461538461538461
0.5262327818078083
0.6428571428571428
0.7499999999999999
0.5262327818078083
0.5262327818078083
0.625
0.5262327818078083
0.7664233576642335
0.3666666666666667
0.5262327818078083
0.6633532140490392
0.8579088471849866
0.5262327818078083
0.5702479338842974
0.7707509881422924
0.5262327818078083
0.38797814207650283
0.584
0.5262327818078083
0.5492584745762712
0.7826086956521738
0.5262327818078083
0.823529411764706
0.5262327818078083
0.5262327818078083
0.7916666666666667
0.7916666666666667
0.5262327818078083
0.5262327818078083
0.5262327818078083
0.44715447154471544
0.5262327818078083
0.40625
0.40914866581956777
0.21739130434782616
0.5262327818078083
0.5262327818078083
0.5500000000000004
0.378048780487805
0.5262327818078083
0.2789699570815448
0.3437500000000001
0.6666666666666666
0.5
0.5262327818078083
0.7454545454545453
0.5
0.5262327818078083
0.5443786982248525
0.9230769230769229
0.5262327818078083
0.38087520259319263
0.7692307692307692
0.5262327818078083
0.9090909090909091
0.8571428571428571
0.5262327818078083
0.5147058823529411
0.5017605633802817
0.3257443082311735
0.5262327818078083
0.5262327818078083
0.6111111111111112
0.5262327818078083
0.5262327818078083
0.19999999999999996
0.4538461538461539
0.5262327818078083
0.5875212430201505
0.52
0.5262327818078083
0.4074074074074078
0.4516129032258067
0.5262327818078083
0.5262327818078083
0.5934230194319879
0.5262327818078083
0.7142857142857144
0.9285714285714286
0.5262327818078083
0.5782747603833864
0.34482758620689646
0.5262327818078083
0.6888888888888887
0.3124999999999998
0.5262327818078083
0.4403470715835145
0.5262327818078083
0.5262327818078083
0.5262327818078083
0.5495207667731629
0.5262327818078083
0.4388489208633094
0.2500000000000001
0.2500000000000001
0.5262327818078083
0.5
0.41441441441441473
0.5262327818078083
0.6363636363636364
0.3571428571428569
0.5262327818078083
0.5262327818078083
0.784313725490196
0.5262327818078083
0.31063829787234054
0.2543859649122804
0.5262327818078083
0.47882136279926335
0.42647058823529405
0.5262327818078083
0.5645161290322579
0.5262327818078083
0.5262327818078083
0.5
0.5702515177797052
0.5262327818078083
0.5714285714285714
0.5099050763516304
0.5262327818078083
0.42647058823529405
0.5625000000000001
0.5262327818078083
0.4291609353507564
0.38888888888888884
0.5262327818078083
0.3650793650793651
0.3124999999999998
0.5262327818078083
0.26845637583892623
0.5262327818078083
0.5262327818078083
0.5303030303030304
0.5262327818078083
0.09999999999999987
0.3257443082311735
0.5262327818078083
0.4107142857142858
0.4444444444444442
0.5262327818078083
0.8181818181818182
0.6805555555555556
0.5262327818078083
0.3666666666666667
0.4470588235294115
0.5262327818078083
0.47058823529411753
0.5262327818078083
0.5262327818078083
0.33333333333333337
0.44715447154471544
0.5262327818078083
0.34575835475578387
0.8571428571428571
0.5262327818078083
0.38121739130434773
0.5305096913137115
0.5262327818078083
0.5
0.875
0.5262327818078083
0.4545454545454545
0.5281690140845072
0.5262327818078083
0.5262327818078083
0.8860759493670887
0.8860759493670887
0.5262327818078083
0.20157068062827221
0.7142857142857144
0.5262327818078083
0.35387860323412235
0.6633532140490392
0.5262327818078083
0.31034482758620674
0.33777777777777795
0.5262327818078083
0.5570776255707761
0.34482758620689646
0.5262327818078083
0.33160621761658027
0.5063938618925833
0.5262327818078083
0.2500000000000001
0.8823529411764705
0.5262327818078083
0.23484848484848475
0.16778523489932906
0.5262327818078083
0.40000000000000013
0.5806451612903224
0.5262327818078083
0.52
0.6842105263157895
0.5262327818078083
0.3157894736842105
0.3157894736842105
0.5262327818078083
0.44067796610169496
0.5262327818078083
0.5
0.4807692307692304
0.5262327818078083
0.5
0.125
0.5262327818078083
0.7093023255813952
0.7648725212464591
0.5262327818078083
0.40914866581956777
0.7272727272727271
0.5262327818078083
0.3512195121951217
0.5
0.5262327818078083
0.811188811188811
0.37349397590361433
0.5262327818078083
0.5262327818078083
0.34387502381406
0.5262327818078083
0.5262327818078083
0.625
0.5555555555555554
0.5262327818078083
0.7222222222222222
0.5
0.5262327818078083
0.3571428571428572
0.39610256410256395
0.5262327818078083
0.48214285714285743
0.6519823788546256
0.5262327818078083
0.6016597510373444
0.5262327818078083
0.5262327818078083
0.8333333333333333
0.9756097560975611
0.5262327818078083
0.4166666666666664
0.35555555555555596
0.5262327818078083
0.6456692913385825
0.3157894736842105
0.5262327818078083
0.59375
0.7777777777777779
0.5262327818078083
0.801980198019802
0.5099050763516304
0.5262327818078083
0.5702479338842974
0.9047619047619047
0.23484848484848475
0.692307692307692
0.5262327818078083
0.35387860323412235
0.5262327818078083
0.5262327818078083
0.4807692307692304
0.5401234567901233
0.5262327818078083
0.5262327818078083
0.31063829787234054
0.3693910911319984
0.4166666666666664
0.5262327818078083
0.5262327818078083
0.7264957264957267
0.5262327818078083
0.6049382716049383
0.8333333333333333
0.5606060606060608
0.5262327818078083
0.8947368421052632
0.8333333333333333
0.5262327818078083
0.47855340622371756
0.5041975308641975
0.5262327818078083
0.7118644067796611
0.9166666666666667
0.5262327818078083
0.647058823529412
0.5
0.5262327818078083
0.29999999999999993
0.7499999999999999
0.5262327818078083
0.589403973509934
0.33333333333333337
0.5262327818078083
0.8666666666666666
0.875
0.5262327818078083
0.5262327818078083
0.2500000000000001
0.5262327818078083
0.6071428571428569
0.5262327818078083
0.5262327818078083
0.6071428571428569
0.5262327818078083
0.5
0.9076923076923077
0.5262327818078083
0.3150105708245242
0.46733668341708556
0.5262327818078083
0.5
0.20833333333333326
0.5262327818078083
0.363517060367454
0.7826086956521738
0.5262327818078083
0.3560057887120115
0.7714285714285717
0.5262327818078083
0.6785714285714288
0.47855340622371756
0.5262327818078083
0.3157894736842105
0.10810810810810823
0.5262327818078083
0.7536231884057972
0.32384341637010694
0.5262327818078083
0.8399999999999999
0.5
0.5262327818078083
0.125
0.6666666666666666
0.5262327818078083
0.48780487804878037
0.33777777777777795
0.5262327818078083
0.3693910911319984
0.5765702187720536
0.5262327818078083
0.5
0.21153846153846168
0.5262327818078083
0.5262327818078083
0.5303030303030304
0.5262327818078083
0.5714285714285712
0.4374999999999999
0.5262327818078083
0.6101694915254235
0.5262327818078083
0.5262327818078083
0.19999999999999996
0.5443786982248525
0.5262327818078083
0.5
0.125
0.5262327818078083
0.5555555555555554
0.5
0.5262327818078083
0.5225225225225225
0.49177877428998495
0.5262327818078083
0.5147058823529411
0.3257443082311735
0.5262327818078083
0.41176470588235314
0.4470588235294115
0.5262327818078083
0.5
0.5147058823529411
0.5262327818078083
0.5098039215686277
0.125
0.5262327818078083
0.5262327818078083
0.5262327818078083
0.5262327818078083
0.669724770642202
0.7850467289719625
0.5262327818078083
0.7142857142857141
0.6041666666666664
0.5262327818078083
0.6489361702127658
0.5
0.5262327818078083
0.45101663585951923
0.6363636363636364
0.5262327818078083
0.5262327818078083
0.3640081799591002
0.5262327818078083
0.4738330975954739
0.6666666666666666
0.5262327818078083
0.8
0.19999999999999996
0.5262327818078083
0.4951644100580269
0.4951644100580269
0.5262327818078083
0.5262327818078083
0.40625
0.8
0.5262327818078083
0.4146341463414638
0.40000000000000013
0.5262327818078083
0.6666666666666666
0.43750000000000033
0.5262327818078083
0.5111111111111111
0.4328358208955221
0.5262327818078083
0.8333333333333333
0.9473684210526315
0.5262327818078083
0.5714285714285716
0.45000000000000007
0.5262327818078083
0.4780000000000002
0.5
0.5262327818078083
0.590909090909091
0.5
0.5262327818078083
0.7142857142857141
0.7272727272727275
0.5262327818078083
0.42647058823529405
0.4545454545454545
0.5262327818078083
0.40914866581956777
0.8333333333333333
0.5262327818078083
0.46325878594249204
0.5492584745762712
0.5262327818078083
0.6999999999999997
0.5262327818078083
0.6999999999999997
0.5262327818078083
0.6805555555555556
0.4807692307692304
0.5262327818078083
0.3437500000000001
0.5702479338842974
0.5262327818078083
0.4848484848484852
0.6666666666666666
0.5262327818078083
0.5443786982248525
0.7150301700493692
0.5262327818078083
0.4388489208633094
0.5401234567901233
0.5262327818078083
0.4057142857142856
0.408695652173913
0.5262327818078083
0.6241768579492005
0.6558628208940429
0.5262327818078083
0.42647058823529405
0.7648725212464591
0.5262327818078083
0.3869346733668344
0.2764227642276422
0.5262327818078083
0.8653846153846153
0.3467741935483871
0.875
0.8333333333333333
0.5262327818078083
0.5243902439024387
0.5102040816326532
0.5262327818078083
0.7648725212464591
0.5
0.5262327818078083
0.5262327818078083
0.34426229508196715
0.5262327818078083
0.39041446358519516
0.5262327818078083
0.5262327818078083
0.589403973509934
0.5262327818078083
0.5262327818078083
0.5420560747663552
0.5262327818078083
0.5262327818078083
0.5262327818078083
0.5262327818078083
0.4418604651162791
0.5243243243243246
0.5262327818078083
0.5262327818078083
0.5262327818078083
0.5262327818078083
0.5
0.5303030303030304
0.5262327818078083
0.40000000000000013
0.3975903614457833
0.5262327818078083
0.345679012345679
0.26988636363636354
0.5262327818078083
0.5454545454545455
0.3512195121951217
0.5262327818078083
0.5158730158730157
0.6999999999999997
0.5262327818078083
0.6536312849162014
0.5305096913137115
0.5262327818078083
0.7850467289719625
0.5702515177797052
0.5262327818078083
0.3150684931506852
0.43653543307086606
0.5262327818078083
0.6331658291457285
0.5
0.5262327818078083
0.50814332247557
0.7000000000000001
0.5262327818078083
0.8333333333333333
0.5999999999999999
0.5262327818078083
0.6241768579492005
0.34426229508196715
0.5262327818078083
0.09859154929577485
0.5702515177797052
0.5262327818078083
0.5262327818078083
0.5262327818078083
0.5262327818078083
0.5262327818078083
0.5262327818078083
0.5262327818078083
0.5262327818078083
0.8260869565217391
0.5459317585301836
0.5262327818078083
0.378048780487805
0.5500000000000004
0.5262327818078083
0.6333333333333333
0.6999999999999997
0.5262327818078083
0.8559322033898306
0.5495207667731629
0.5262327818078083
0.5262327818078083
0.4328358208955221
0.5262327818078083
0.7483050847457626
0.6536312849162014
0.5262327818078083
0.4473684210526315
0.4920634920634922
0.5262327818078083
0.43181818181818177
0.2500000000000001
0.5262327818078083
0.5599999999999996
0.5
0.5262327818078083
0.4418604651162791
0.4677966101694915
0.5262327818078083
0.7648725212464591
0.6960000000000001
0.5262327818078083
0.6847826086956522
0.5441789912779675
0.5262327818078083
0.5262327818078083
0.5649484536082474
0.5262327818078083
0.34289617486338797
0.4545454545454545
0.5262327818078083
0.6062992125984252
0.5262327818078083
0.5262327818078083
0.7391304347826086
0.5183574879227053
0.5262327818078083
0.8947368421052632
0.4516129032258067
0.5262327818078083
0.5496688741721852
0.5262327818078083
0.5262327818078083
0.5
0.7499999999999999
0.5262327818078083
0.5262327818078083
0.451171875
0.5262327818078083
0.40000000000000013
0.4388489208633094
0.5262327818078083
0.5
0.3437500000000001
0.5262327818078083
0.6129032258064517
0.7741935483870968
0.5262327818078083
0.6262135922330102
0.30909090909090886
0.5262327818078083
0.5748502994011978
0.3693910911319984
0.39610256410256395
0.5262327818078083
0.8888888888888888
0.4166666666666664
0.19999999999999996
0.5262327818078083
0.6805555555555556
0.5262327818078083
0.5262327818078083
0.26315789473684226
0.5151515151515154
0.5262327818078083
0.724137931034483
0.5262327818078083
0.5262327818078083
0.5262327818078083
0.467669172932331
0.5262327818078083
0.3693910911319984
0.5999999999999999
0.5262327818078083
0.09859154929577485
0.5262327818078083
0.3560057887120115
0.5882352941176473
0.5262327818078083
0.5681818181818182
0.9230769230769229
0.5262327818078083
0.7499999999999999
0.6761229314420805
0.5262327818078083
0.23809523809523825
0.5262327818078083
0.5262327818078083
0.5262327818078083
0.669724770642202
0.5262327818078083
0.9545454545454545
0.5262327818078083
0.5262327818078083
0.4249999999999997
0.7499999999999999
0.5262327818078083
0.38769566800145616
0.5860215053763443
0.5262327818078083
0.40000000000000013
0.40000000000000013
0.5262327818078083
0.875
0.5262327818078083
0.5262327818078083
0.5900709219858153
0.5230352303523035
0.5262327818078083
0.6666666666666666
0.345679012345679
0.5262327818078083
0.32689832689832665
0.32689832689832665
0.5262327818078083
0.4166666666666664
0.09090909090909094
0.19999999999999996
0.5262327818078083
0.9230769230769229
0.5262327818078083
0.5262327818078083
0.5262327818078083
0.6847826086956522
0.5262327818078083
0.3294117647058823
0.3846153846153848
0.5262327818078083
0.671717171717172
0.5262327818078083
0.5262327818078083
0.5262327818078083
0.7648725212464591
0.5262327818078083
0.5
0.5
0.5262327818078083
0.5714285714285716
0.3666666666666667
0.5262327818078083
0.5262327818078083
0.39610256410256395
0.5262327818078083
0.6666666666666666
0.7850467289719625
0.5262327818078083
0.35387860323412235
0.5217391304347825
0.5262327818078083
0.7894736842105261
0.9076923076923077
0.5262327818078083
0.5681818181818182
0.38087520259319263
0.5262327818078083
0.5262327818078083
0.3846153846153848
0.5262327818078083
0.3855421686746988
0.5262327818078083
0.30303030303030287
0.5262327818078083
0.5262327818078083
0.5
0.5
0.5262327818078083
0.819672131147541
0.6101694915254235
0.5262327818078083
0.6190476190476193
0.3869346733668344
0.5262327818078083
0.50869658578484
0.3693910911319984
0.5262327818078083
0.5262327818078083
0.4962962962962961
0.4285714285714284
0.5262327818078083
0.5934230194319879
0.5495207667731629
0.5262327818078083
0.378048780487805
0.40000000000000013
0.5262327818078083
0.5262327818078083
0.363517060367454
0.5262327818078083
0.818181818181818
0.37349397590361433
0.5262327818078083
0.5262327818078083
0.35555555555555596
0.5262327818078083
0.3693910911319984
0.5151515151515154
0.5262327818078083
0.42105263157894746
0.5099050763516304
0.5443786982248525
0.5
0.5262327818078083
0.5454545454545455
0.5
0.5262327818078083
0.8888888888888888
0.7264957264957267
0.5262327818078083
0.05882352941176472
0.5262327818078083
0.5262327818078083
0.3869346733668344
0.31481481481481466
0.5262327818078083
0.5732087227414331
0.5573294629898403
0.5262327818078083
0.5262327818078083
0.42105263157894746
0.5262327818078083
0.6016597510373444
0.7093023255813952
0.5262327818078083
0.5
0.5
0.5262327818078083
0.6461038961038961
0.5
0.5262327818078083
0.38121739130434773
0.5063938618925833
0.5262327818078083
0.38121739130434773
0.5262327818078083
0.5262327818078083
0.5748502994011978
0.39610256410256395
0.5262327818078083
0.5262327818078083
0.9230769230769229
0.5262327818078083
0.375
0.3921568627450982
0.5262327818078083
0.3975903614457833
0.4709480122324161
0.5262327818078083
0.31818181818181845
0.1428571428571429
0.5262327818078083
0.05882352941176472
0.4807692307692304
0.5262327818078083
0.507878787878788
0.896551724137931
0.5262327818078083
0.5702479338842974
0.8
0.5262327818078083
0.4644808743169403
0.5262327818078083
0.5262327818078083
0.33333333333333337
0.5
0.5262327818078083
0.5262327818078083
0.38398357289527707
0.5649484536082474
0.5262327818078083
0.5321100917431194
0.4406901509705248
0.5262327818078083
0.2631578947368419
0.4644808743169403
0.5262327818078083
0.3869346733668344
0.39197680038666016
0.5262327818078083
0.5492584745762712
0.7633928571428572
0.5262327818078083
0.6193548387096776
0.9473684210526315
0.5262327818078083
0.4107142857142858
0.39041446358519516
0.5262327818078083
0.378048780487805
0.5702479338842974
0.5262327818078083
0.6558628208940429
0.5262327818078083
0.5262327818078083
0.5262327818078083
0.31818181818181845
0.5262327818078083
0.8260869565217391
0.5262327818078083
0.5262327818078083
0.45783132530120485
0.5
0.5
0.5262327818078083
0.31372549019607865
0.25125628140703504
0.5262327818078083
0.5262327818078083
0.8999999999999999
0.5262327818078083
0.6611570247933886
0.5262327818078083
0.5262327818078083
0.40000000000000013
0.3257443082311735
0.5262327818078083
0.3862068965517239
0.5262327818078083
0.4461538461538461
0.5262327818078083
0.5714285714285712
0.5441789912779675
0.5262327818078083
0.5
0.47882136279926335
0.5262327818078083
0.5443786982248525
0.3693910911319984
0.5875212430201505
0.5262327818078083
0.584
0.5262327818078083
0.5262327818078083
0.2500000000000001
0.5476190476190477
0.5262327818078083
0.45783132530120485
0.8275862068965518
0.5262327818078083
0.5262327818078083
0.5813953488372096
0.5262327818078083
0.2500000000000001
0.5441789912779675
0.5262327818078083
0.5
0.5098039215686277
0.5262327818078083
0.7648725212464591
0.5262327818078083
0.4848484848484852
0.6666666666666666
0.5262327818078083
0.4388489208633094
0.4508547008547008
0.5262327818078083
0.5262327818078083
0.44444444444444464
0.5262327818078083
0.5866236905721193
0.5826296743063932
0.5262327818078083
0.40000000000000013
0.5555555555555554
0.5262327818078083
0.6904761904761904
0.6999999999999997
0.5262327818078083
0.5262327818078083
0.5262327818078083
0.38398357289527707
0.5262327818078083
0.8571428571428571
0.5
0.5262327818078083
0.8653846153846153
0.5321100917431194
0.5262327818078083
0.536
0.7777777777777779
0.5262327818078083
0.4508547008547008
0.5
0.5262327818078083
0.8333333333333333
0.5732087227414331
0.5262327818078083
0.7499999999999999
0.5
0.5262327818078083
0.8571428571428571
0.6562499999999999
0.5262327818078083
0.5999999999999999
0.5625000000000001
0.5262327818078083
0.625
0.6536312849162014
0.5262327818078083
0.671717171717172
0.5262327818078083
0.5262327818078083
0.6101694915254235
0.4536082474226808
0.5262327818078083
0.5875212430201505
0.8579088471849866
0.9523809523809523
0.5262327818078083
0.5
0.8
0.5262327818078083
0.451171875
0.4390476190476189
0.5262327818078083
0.7093023255813952
0.38888888888888884
0.5262327818078083
0.6923076923076924
0.875
0.5262327818078083
0.43653543307086606
0.5262327818078083
0.5262327818078083
0.6519823788546256
0.4388489208633094
0.5262327818078083
0.5262327818078083
0.5262327818078083
0.6439909297052153
0.5262327818078083
0.7272727272727275
0.47882136279926335
0.5262327818078083
0.5
0.48444444444444446
0.5262327818078083
0.27000000000000013
0.42105263157894746
0.5262327818078083
0.8529411764705881
0.9047619047619047
0.5262327818078083
0.21238938053097345
0.5262327818078083
0.5262327818078083
0.5384615384615385
0.5
0.5262327818078083
0.5396825396825398
0.2500000000000001
0.5262327818078083
0.4166666666666664
0.9090909090909091
0.5262327818078083
0.9166666666666667
0.2543859649122804
0.5262327818078083
0.5262327818078083
0.5
0.5262327818078083
0.9111111111111111
0.7230769230769232
0.5262327818078083
0.35408560311284054
0.3156966490299825
0.5262327818078083
0.5262327818078083
0.31666666666666676
0.5262327818078083
0.5262327818078083
0.5131611932815242
0.5
0.5
0.5262327818078083
0.40000000000000013
0.40000000000000013
0.5677966101694916
0.9090909090909091
0.5262327818078083
0.7499999999999999
0.5
0.5262327818078083
0.5
0.7499999999999999
0.5262327818078083
0.9111111111111111
0.6536312849162014
0.6165413533834587
0.589403973509934
0.5262327818078083
0.38121739130434773
0.5262327818078083
0.5262327818078083
0.21978021978021978
0.5714285714285716
0.5262327818078083
0.3869346733668344
0.8
0.5262327818078083
0.9298245614035086
0.5017605633802817
0.5262327818078083
0.7499999999999999
0.4388489208633094
0.5262327818078083
0.3156966490299825
0.34782608695652206
0.5262327818078083
0.9333333333333333
0.5262327818078083
0.5262327818078083
0.5321100917431194
0.7714285714285717
0.5262327818078083
0.21875
0.7164835164835165
0.21875
0.35408560311284054
0.5262327818078083
0.5305096913137115
0.5262327818078083
0.5
0.5262327818078083
0.5570776255707761
0.5492584745762712
0.5262327818078083
0.6666666666666666
0.5262327818078083
0.5262327818078083
0.40000000000000013
0.3921568627450982
0.5262327818078083
0.11428571428571432
0.8579088471849866
0.5262327818078083
0.6558628208940429
0.45101663585951923
0.5262327818078083
0.5
0.6129032258064517
0.5262327818078083
0.5782747603833864
0.4959016393442627
0.5262327818078083
0.7648725212464591
0.7150301700493692
0.5262327818078083
0.6101694915254235
0.363517060367454
0.5262327818078083
0.5217391304347825
0.7714285714285717
0.5262327818078083
0.4508547008547008
0.3693910911319984
0.6805555555555556
0.5262327818078083
0.38121739130434773
0.4388489208633094
0.5262327818078083
0.6101694915254235
0.38087520259319263
0.5262327818078083
0.4516129032258063
0.5
0.5262327818078083
0.8559322033898306
0.671717171717172
0.5262327818078083
0.5262327818078083
0.33160621761658027
0.5262327818078083
0.42000000000000015
0.7222222222222222
0.5262327818078083
0.5262327818078083
0.8571428571428571
0.5262327818078083
0.801980198019802
0.31818181818181845
0.5262327818078083
0.6016597510373444
0.5262327818078083
0.5262327818078083
0.3942428035043801
0.47882136279926335
0.5262327818078083
0.4516129032258063
0.5262327818078083
0.5262327818078083
0.5262327818078083
0.5262327818078083
0.5262327818078083
0.2539682539682543
0.3485401459854016
0.5262327818078083
0.4032258064516131
0.5806451612903224
0.4801512287334593
0.5262327818078083
0.5262327818078083
0.4403470715835145
0.5262327818078083
0.9166666666666667
0.9166666666666667
0.4637681159420287
0.4637681159420287
0.5262327818078083
0.6394849785407725
0.8999999999999999
0.5262327818078083
0.43317230273751994
0.33160621761658027
0.5262327818078083
0.7499999999999999
0.7040816326530615
0.5262327818078083
0.19999999999999996
0.4536082474226808
0.5262327818078083
0.5496688741721852
0.47882136279926335
0.5262327818078083
0.8823529411764705
0.4499999999999996
0.5262327818078083
0.5262327818078083
0.2063492063492065
0.5262327818078083
0.42934782608695654
0.45238095238095233
0.5262327818078083
0.8800000000000001
0.6666666666666666
0.5262327818078083
0.4339622641509432
0.7307692307692306
0.5262327818078083
0.7500000000000002
0.5262327818078083
0.3571428571428572
0.9230769230769229
0.5262327818078083
0.5
0.5
0.5262327818078083
0.5262327818078083
0.5247524752475246
0.467669172932331
0.5262327818078083
0.5
0.625
0.5262327818078083
0.5909090909090907
0.8
0.8333333333333333
0.5262327818078083
0.40914866581956777
0.2500000000000001
0.5262327818078083
0.5
0.26988636363636354
0.5262327818078083
0.5
0.8461538461538461
0.5262327818078083
0.5
0.5262327818078083
0.5262327818078083
0.7093023255813952
0.5262327818078083
0.5262327818078083
0.5262327818078083
0.7648725212464591
0.5262327818078083
0.34575835475578387
0.5
0.5262327818078083
0.7499999999999999
0.4644808743169403
0.5262327818078083
0.7648725212464591
0.32864913871260204
0.5262327818078083
0.5262327818078083
0.27272727272727293
0.3693910911319984
0.5262327818078083
0.5262327818078083
0.4403470715835145
0.40000000000000013
0.5262327818078083
0.8
0.16479400749063677
0.5262327818078083
0.5262327818078083
0.7142857142857141
0.5262327818078083
0.38121739130434773
0.5099050763516304
0.5262327818078083
0.5262327818078083
0.43653543307086606
0.43653543307086606
0.5262327818078083
0.6958904109589041
0.6193548387096776
0.5262327818078083
0.42647058823529405
0.375
0.5262327818078083
0.3156966490299825
0.6536312849162014
0.5262327818078083
0.3862068965517239
0.44067796610169496
0.5262327818078083
0.3869346733668344
0.4538461538461539
0.6551724137931035
0.7916666666666667
0.5262327818078083
0.4636363636363635
0.4920634920634922
0.5262327818078083
0.4388489208633094
0.5999999999999999
0.5262327818078083
0.6666666666666666
0.2542372881355929
0.5262327818078083
0.5
0.3512195121951217
0.5262327818078083
0.3693910911319984
0.3684210526315791
0.5262327818078083
0.5262327818078083
0.5262327818078083
0.7560975609756097
0.5702515177797052
0.5262327818078083
0.5495207667731629
0.8333333333333333
0.5262327818078083
0.40914866581956777
0.647058823529412
0.5262327818078083
0.4516129032258063
0.7648725212464591
0.5262327818078083
0.3548387096774195
0.48288973384030387
0.5262327818078083
0.5081967213114755
0.564547206165703
0.5262327818078083
0.7499999999999999
0.33730158730158744
0.5262327818078083
0.5624999999999997
0.8
0.5340909090909091
0.7333333333333333
0.5262327818078083
0.3869346733668344
0.3921568627450982
0.5262327818078083
0.698630136986301
0.4180327868852457
0.5262327818078083
0.5384615384615385
0.5725806451612904
0.5262327818078083
0.9111111111111111
0.9090909090909091
0.5262327818078083
0.408695652173913
0.5262327818078083
0.5262327818078083
0.3257443082311735
0.5573294629898403
0.5262327818078083
0.40625
0.30136986301369895
0.5262327818078083
0.4036144578313253
0.1428571428571429
0.5262327818078083
0.9111111111111111
0.5358744394618834
0.5262327818078083
0.875
0.4644808743169403
0.5262327818078083
0.5
0.5262327818078083
0.6538461538461539
0.5262327818078083
0.8846153846153847
0.16666666666666674
0.5262327818078083
0.38121739130434773
0.8
0.5262327818078083
0.7499999999999999
0.5262327818078083
0.5262327818078083
0.5
0.41176470588235314
0.5262327818078083
0.5262327818078083
0.35616438356164404
0.5262327818078083
0.8333333333333333
0.5649484536082474
0.5702515177797052
0.5262327818078083
0.5
0.33333333333333337
0.5262327818078083
0.3571428571428572
0.692307692307692
0.5262327818078083
0.5
0.31219512195121946
0.5262327818078083
0.9090909090909091
0.5
0.5262327818078083
0.4390476190476189
0.43653543307086606
0.5262327818078083
0.5
0.5
0.5262327818078083
0.5262327818078083
0.6281588447653425
0.5262327818078083
0.5
0.8275862068965518
0.5319597284008428
0.5262327818078083
0.5702515177797052
0.31481481481481466
0.5262327818078083
0.8035714285714286
0.5495207667731629
0.5262327818078083
0.4709480122324161
0.4166666666666664
0.5262327818078083
0.3869346733668344
0.6536312849162014
0.5262327818078083
0.4516129032258067
0.5
0.5262327818078083
0.363517060367454
0.9076923076923077
0.5262327818078083
0.3693910911319984
0.34782608695652206
0.335570469798658
0.33333333333333337
0.5262327818078083
0.451171875
0.3846153846153848
0.5262327818078083
0.4388489208633094
0.5714285714285714
0.5262327818078083
0.35387860323412235
0.7791970802919708
0.5262327818078083
0.38121739130434773
0.7000000000000001
0.5
0.5262327818078083
0.4196428571428572
0.5333333333333333
0.5262327818078083
0.5
0.18888888888888877
0.5262327818078083
0.5
0.7499999999999999
0.5262327818078083
0.724137931034483
0.41176470588235314
0.5262327818078083
0.25815217391304357
0.92
0.5262327818078083
0.36842105263157865
0.4403470715835145
0.5262327818078083
0.2500000000000001
0.5098039215686277
0.5262327818078083
0.4418604651162791
0.3150684931506852
0.5262327818078083
0.7499999999999999
0.7159090909090907
0.5262327818078083
0.8888888888888888
0.4339622641509432
0.5262327818078083
0.5230352303523035
0.3693910911319984
0.5230352303523035
0.5262327818078083
0.6558628208940429
0.811188811188811
0.5262327818078083
0.375
0.8823529411764705
0.5262327818078083
0.5262327818078083
0.5539033457249072
0.5262327818078083
0.4075829383886257
0.5262327818078083
0.5262327818078083
0.5
0.16479400749063677
0.5262327818078083
0.6394849785407725
0.35616438356164404
0.5262327818078083
0.4920634920634922
0.4848484848484852
0.5262327818078083
0.523295070898042
0.4291609353507564
0.5262327818078083
0.6888888888888887
0.5262327818078083
0.5262327818078083
0.42934782608695654
0.1405071967100754
0.5262327818078083
0.7000000000000001
0.7707509881422924
0.5262327818078083
0.4166666666666664
0.4536082474226808
0.5262327818078083
0.6826568265682655
0.8823529411764705
0.5262327818078083
0.5
0.5
0.5262327818078083
0.52
0.19114219114219122
0.5262327818078083
0.5573294629898403
0.39004149377593345
0.4848484848484852
0.6666666666666666
0.5262327818078083
0.7230769230769232
0.5483870967741933
0.5262327818078083
0.5
0.5441789912779675
0.5262327818078083
0.6356589147286823
0.6216216216216218
0.5262327818078083
0.31063829787234054
0.21238938053097345
0.5262327818078083
0.5
0.38121739130434773
0.5262327818078083
0.45814977973568316
0.2500000000000001
0.5262327818078083
0.7707509881422924
0.5183574879227053
0.5262327818078083
0.3150684931506852
0.5
0.5262327818078083
0.56
0.39197680038666016
0.5262327818078083
0.536
0.5262327818078083
0.5262327818078083
0.5262327818078083
0.724137931034483
0.8333333333333333
0.5262327818078083
0.29032258064516137
0.7648725212464591
0.5262327818078083
0.3693910911319984
0.4146341463414638
0.5262327818078083
0.32835820895522394
0.5262327818078083
0.5262327818078083
0.451171875
0.31818181818181845
0.5262327818078083
0.7272727272727275
0.5262327818078083
0.5262327818078083
0.5179063360881544
0.5934230194319879
0.5262327818078083
0.3033509700176368
0.5765702187720536
0.5262327818078083
0.44067796610169496
0.7648725212464591
0.5262327818078083
0.7647058823529415
0.49101796407185605
0.5262327818078083
0.6538461538461539
0.5443786982248525
0.5262327818078083
0.5041975308641975
0.7547169811320755
0.5262327818078083
0.5262327818078083
0.731865284974093
0.5262327818078083
0.20157068062827221
0.5041975308641975
0.5262327818078083
0.5476190476190477
0.31372549019607865
0.5262327818078083
0.8333333333333333
0.7714285714285717
0.5262327818078083
0.31219512195121946
0.5262327818078083
0.5262327818078083
0.5262327818078083
0.34482758620689646
0.5262327818078083
0.5262327818078083
0.7322274881516586
0.5262327818078083
0.6958904109589041
0.6282051282051285
0.5262327818078083
0.5262327818078083
0.38121739130434773
0.5262327818078083
0.483455882352941
0.43653543307086606
0.5262327818078083
0.42000000000000015
0.7924812030075188
0.5262327818078083
0.5041975308641975
0.7142857142857144
0.5262327818078083
0.8947368421052632
0.3437908496732025
0.5262327818078083
0.5262327818078083
0.647058823529412
0.5262327818078083
0.3693910911319984
0.41176470588235314
0.5262327818078083
0.9090909090909091
0.5262327818078083
0.4028629856850714
0.9076923076923077
0.5262327818078083
0.7648725212464591
0.5262327818078083
0.5262327818078083
0.6025641025641025
0.5262327818078083
0.5262327818078083
0.7499999999999999
0.5262327818078083
0.5262327818078083
0.5262327818078083
0.44715447154471544
0.5262327818078083
0.5305096913137115
0.26845637583892623
0.5262327818078083
0.5
0.8571428571428571
0.5732087227414331
0.5262327818078083
0.822784810126582
0.6049382716049383
0.5262327818078083
0.31818181818181845
0.7499999999999999
0.5262327818078083
0.5900709219858153
0.3855421686746988
0.5262327818078083
0.3693910911319984
0.31063829787234054
0.3693910911319984
0.21238938053097345
0.5262327818078083
0.5158730158730157
0.6193548387096776
0.5262327818078083
0.3693910911319984
0.5
0.5262327818078083
0.5319597284008428
0.7000000000000001
0.5262327818078083
0.3235294117647055
0.625
0.5262327818078083
0.5319597284008428
0.5131611932815242
0.5262327818078083
0.7664233576642335
0.8888888888888888
0.5262327818078083
0.6400000000000003
0.33777777777777795
0.5262327818078083
0.5111111111111111
0.3560057887120115
0.5262327818078083
0.29999999999999993
0.7378104875804966
0.5262327818078083
0.6582579723940979
0.378048780487805
0.5262327818078083
0.6999999999999997
0.31063829787234054
0.5262327818078083
0.7499999999999999
0.6262135922330102
0.6494845360824741
0.5262327818078083
0.7391304347826086
0.6790123456790123
0.5262327818078083
0.7187500000000002
0.3156966490299825
0.5262327818078083
0.7633928571428572
0.3403041825095059
0.5262327818078083
0.345679012345679
0.7894736842105261
0.5262327818078083
0.5
0.5833333333333336
0.5262327818078083
0.41176470588235314
0.5147058823529411
0.5262327818078083
0.6111111111111112
0.4388489208633094
0.5262327818078083
0.15942028985507262
0.3346534653465346
0.5262327818078083
0.4028629856850714
0.4807692307692304
0.5262327818078083
0.404761904761905
0.5702515177797052
0.3693910911319984
0.6666666666666666
0.5443786982248525
0.5262327818078083
0.8579088471849866
0.811188811188811
0.5262327818078083
0.5
0.5131611932815242
0.5262327818078083
0.40909090909090895
0.4406901509705248
0.5262327818078083
0.38398357289527707
0.5262327818078083
0.5262327818078083
0.5
0.4845814977973566
0.5262327818078083
0.5262327818078083
0.5714285714285714
0.5262327818078083
0.6116015132408574
0.564547206165703
0.5262327818078083
0.9230769230769229
0.5321100917431194
0.5262327818078083
0.56
0.7499999999999999
0.5262327818078083
0.26988636363636354
0.6847826086956522
0.5262327818078083
0.7230769230769232
0.6666666666666666
0.5262327818078083
0.5262327818078083
0.9411764705882353
0.5262327818078083
0.6041666666666664
0.5262327818078083
0.5262327818078083
0.466666666666667
0.5262327818078083
0.5495207667731629
0.2543859649122804
0.5262327818078083
0.4920634920634922
0.9473684210526315
0.5262327818078083
0.6233766233766236
0.4583333333333335
0.5262327818078083
0.8888888888888888
0.6999999999999997
0.5262327818078083
0.5263157894736844
0.335570469798658
0.5262327818078083
0.38888888888888884
0.5
0.5262327818078083
0.5826296743063932
0.4920634920634922
0.5262327818078083
0.6241768579492005
0.6461038961038961
0.5262327818078083
0.609756097560976
0.19114219114219122
0.5262327818078083
0.5
0.5
0.5262327818078083
0.5
0.801980198019802
0.5262327818078083
0.6129032258064517
0.8275862068965518
0.5262327818078083
0.40909090909090895
0.8421052631578946
0.5262327818078083
0.8
0.5
0.5262327818078083
0.5262327818078083
0.3513513513513513
0.5262327818078083
0.59375
0.8
0.5262327818078083
0.6758409785932725
0.5041975308641975
0.5262327818078083
0.7111111111111109
0.421052631578947
0.5262327818078083
0.5624999999999997
0.7272727272727271
0.5262327818078083
0.564547206165703
0.6282051282051285
0.5262327818078083
0.9178743961352657
0.8579088471849866
0.5262327818078083
0.5262327818078083
0.408695652173913
0.5262327818078083
0.50814332247557
0.3640081799591002
0.5
0.5262327818078083
0.5262327818078083
0.467669172932331
0.5262327818078083
0.46325878594249204
0.5287621982537237
0.5262327818078083
0.5082095387021112
0.5262327818078083
0.6394849785407725
0.9473684210526315
0.5262327818078083
0.3942428035043801
0.7000000000000001
0.5262327818078083
0.5
0.3150105708245242
0.5262327818078083
0.3500000000000001
0.335570469798658
0.5262327818078083
0.5
0.9230769230769229
0.5262327818078083
0.5262327818078083
0.6206896551724139
0.5262327818078083
0.5262327818078083
0.6281588447653425
0.5262327818078083
0.4538461538461539
0.4538461538461539
0.4130434782608695
0.4130434782608695
0.5262327818078083
0.34387502381406
0.21238938053097345
0.5262327818078083
0.5714285714285714
0.5262327818078083
0.5262327818078083
0.5262327818078083
0.589403973509934
0.5262327818078083
0.6666666666666666
0.5
0.5262327818078083
0.764705882352941
0.5063938618925833
0.5262327818078083
0.4848484848484852
0.125
0.5262327818078083
0.49287749287749283
0.31372549019607865
0.5262327818078083
0.784313725490196
0.31063829787234054
0.5262327818078083
0.564547206165703
0.875
0.5262327818078083
0.3846153846153848
0.22784810126582267
0.5262327818078083
0.8888888888888888
0.7187500000000002
0.5262327818078083
0.7499999999999999
0.5262327818078083
0.50814332247557
0.2500000000000001
0.5262327818078083
0.3251433251433251
0.5262327818078083
0.5262327818078083
0.7333333333333333
0.2857142857142859
0.5262327818078083
0.5401234567901233
0.3623188405797101
0.5262327818078083
0.5262327818078083
0.7150301700493692
0.5262327818078083
0.5262327818078083
0.4892703862660944
0.5321100917431194
0.5262327818078083
0.8260869565217391
0.7586206896551725
0.5262327818078083
0.6666666666666666
0.8
0.5262327818078083
0.52
0.5
0.5262327818078083
0.6666666666666671
0.6363636363636364
0.5262327818078083
0.6958904109589041
0.5645161290322579
0.5262327818078083
0.5492584745762712
0.5
0.5262327818078083
0.5
0.3156966490299825
0.5262327818078083
0.1428571428571429
0.4146341463414638
0.5262327818078083
0.5714285714285712
0.5
0.5262327818078083
0.16666666666666674
0.19999999999999996
0.5262327818078083
0.6796875000000002
0.39041446358519516
0.5262327818078083
0.7483050847457626
0.5099050763516304
0.5262327818078083
0.5262327818078083
0.5305096913137115
0.7499999999999999
0.5262327818078083
0.8
0.7647058823529415
0.5262327818078083
0.5262327818078083
0.5262327818078083
0.8888888888888888
0.5262327818078083
0.5262327818078083
0.7499999999999999
0.5
0.5262327818078083
0.8333333333333333
0.9285714285714286
0.5262327818078083
0.38235294117647056
0.5262327818078083
0.5262327818078083
0.34482758620689646
0.5
0.5262327818078083
0.5813953488372096
0.8333333333333333
0.5262327818078083
0.23913043478260887
0.5
0.5262327818078083
0.5340909090909091
0.5
0.5262327818078083
0.5262327818078083
0.5657894736842105
0.5262327818078083
0.5319597284008428
0.7707509881422924
0.5262327818078083
0.3251433251433251
0.8749999999999999
0.5262327818078083
0.29166666666666685
0.5
0.5262327818078083
0.5262327818078083
0.49287749287749283
0.5262327818078083
0.6958904109589041
0.5262327818078083
0.801980198019802
0.6193548387096776
0.5262327818078083
0.5262327818078083
0.7499999999999999
0.5262327818078083
0.5
0.4709480122324161
0.5262327818078083
0.7692307692307692
0.5
0.5262327818078083
0.7499999999999999
0.7040816326530615
0.5262327818078083
0.5384615384615385
0.5
0.3693910911319984
0.3950953678474117
0.5262327818078083
0.9090909090909091
0.5769230769230766
0.5262327818078083
0.13793103448275856
0.6551724137931035
0.5262327818078083
0.6356589147286823
0.5492584745762712
0.5262327818078083
0.3512195121951217
0.3913043478260866
0.5262327818078083
0.5262327818078083
0.5238095238095241
0.2500000000000001
0.5262327818078083
0.5262327818078083
0.3560057887120115
0.4388489208633094
0.5262327818078083
0.7648725212464591
0.4285714285714284
0.5262327818078083
0.9230769230769229
0.3512195121951217
0.5262327818078083
0.6281588447653425
0.7307692307692306
0.5262327818078083
0.5495207667731629
0.7714285714285717
0.5262327818078083
0.8333333333333333
0.5
0.5262327818078083
0.8999999999999999
0.7499999999999999
0.5262327818078083
0.2631578947368419
0.5262327818078083
0.5262327818078083
0.5262327818078083
0.6818181818181815
0.5262327818078083
0.4388489208633094
0.32864913871260204
0.3764705882352941
0.5262327818078083
0.34387502381406
0.4036144578313253
0.5262327818078083
0.3693910911319984
0.7272727272727275
0.5262327818078083
0.5614035087719293
0.4883720930232557
0.5262327818078083
0.7499999999999999
0.7040816326530615
0.5262327818078083
0.345679012345679
0.8571428571428571
0.5262327818078083
0.4722222222222221
0.40625
0.5262327818078083
0.49101796407185605
0.5262327818078083
0.5262327818078083
0.4538461538461539
0.8421052631578949
0.5262327818078083
0.4418604651162791
0.125
0.5262327818078083
0.19716646989374265
0.6239316239316238
0.5262327818078083
0.23232323232323226
0.35074626865671665
0.5262327818078083
0.5262327818078083
0.626865671641791
0.5262327818078083
0.5217391304347825
0.6129032258064517
0.9583333333333334
0.5826296743063932
0.5262327818078083
0.5217391304347825
0.5714285714285714
0.5262327818078083
0.37254901960784337
0.4291609353507564
0.5262327818078083
0.7500000000000002
0.7500000000000002
0.5262327818078083
0.3862068965517239
0.3869346733668344
0.5262327818078083
0.5262327818078083
0.5262327818078083
0.5262327818078083
0.3869346733668344
0.31063829787234054
0.5262327818078083
0.6666666666666666
0.5
0.5262327818078083
0.40955631399317394
0.16666666666666674
0.5262327818078083
0.5262327818078083
0.19999999999999996
0.5262327818078083
0.40000000000000013
0.4347826086956521
0.5262327818078083
0.5262327818078083
0.5262327818078083
0.5262327818078083
0.20157068062827221
0.6627906976744187
0.5262327818078083
0.10000000000000009
0.16666666666666674
0.5262327818078083
0.4892703862660944
0.6089385474860336
0.5262327818078083
0.2631578947368419
0.5183574879227053
0.5262327818078083
0.5262327818078083
0.5769230769230766
0.5262327818078083
0.5321100917431194
0.6551724137931035
0.5262327818078083
0.4920634920634922
0.5
0.5262327818078083
0.42647058823529405
0.8888888888888888
0.5262327818078083
0.6071428571428569
0.5732087227414331
0.5262327818078083
0.3693910911319984
0.5262327818078083
0.5262327818078083
0.16666666666666674
0.5262327818078083
0.7857142857142858
0.7499999999999999
0.5262327818078083
0.5262327818078083
0.6126126126126126
0.5262327818078083
0.622549019607843
0.9076923076923077
0.5262327818078083
0.7714285714285717
0.4328358208955221
0.5262327818078083
0.47882136279926335
0.1405071967100754
0.5262327818078083
0.4780000000000002
0.875
0.5262327818078083
0.5443786982248525
0.6041666666666664
0.5262327818078083
0.8559322033898306
0.6875000000000002
0.5262327818078083
0.6904761904761904
0.3921568627450982
0.5262327818078083
0.5
0.737704918032787
0.5262327818078083
0.5
0.35616438356164404
0.5262327818078083
0.6558628208940429
0.5262327818078083
0.5262327818078083
0.07999999999999996
0.5262327818078083
0.5262327818078083
0.7499999999999999
0.5
0.2500000000000001
0.5262327818078083
0.5454545454545455
0.4444444444444442
0.5262327818078083
0.7368421052631581
0.7483050847457626
0.5262327818078083
0.5732087227414331
0.5649484536082474
0.5
0.5262327818078083
0.40914866581956777
0.5262327818078083
0.5262327818078083
0.4196428571428572
0.3500000000000001
0.5262327818078083
0.5262327818078083
0.5303030303030304
0.9545454545454545
0.8
0.5262327818078083
0.25210084033613434
0.6153846153846156
0.5262327818078083
0.3928571428571431
0.4075829383886257
0.5262327818078083
0.32835820895522394
0.8333333333333333
0.5262327818078083
0.50869658578484
0.3437908496732025
0.5262327818078083
0.5262327818078083
0.451171875
0.5262327818078083
0.5262327818078083
0.2777777777777778
0.5262327818078083
0.5262327818078083
0.34482758620689646
0.5262327818078083
0.4470588235294115
0.5702479338842974
0.7506702412868634
0.9166666666666667
0.5262327818078083
0.5262327818078083
0.5262327818078083
0.5262327818078083
0.9166666666666667
0.31372549019607865
0.5262327818078083
0.7499999999999999
0.5262327818078083
0.5262327818078083
0.2899408284023671
0.6558628208940429
0.5262327818078083
0.7313432835820898
0.3869346733668344
0.5262327818078083
0.7707509881422924
0.3869346733668344
0.5262327818078083
0.8
0.34939759036144546
0.5262327818078083
0.5262327818078083
0.39041446358519516
0.40914866581956777
0.5
0.5262327818078083
0.6041666666666664
0.5384615384615385
0.5262327818078083
0.3846153846153848
0.4536082474226808
0.5262327818078083
0.6885245901639343
0.5262327818078083
0.5262327818078083
0.5262327818078083
0.5262327818078083
0.5
0.5262327818078083
0.3869346733668344
0.9090909090909091
0.5
0.5
0.5262327818078083
0.7499999999999999
0.5401234567901233
0.5262327818078083
0.5262327818078083
0.8571428571428571
0.5262327818078083
0.19999999999999996
0.698630136986301
0.5262327818078083
0.4545454545454545
0.5
0.5262327818078083
0.5262327818078083
0.40000000000000013
0.5262327818078083
0.6578947368421054
0.7499999999999999
0.5262327818078083
0.40540540540540504
0.9444444444444444
0.5262327818078083
0.5495207667731629
0.4207650273224047
0.5262327818078083
0.9090909090909091
0.5
0.5262327818078083
0.5286738351254483
0.5496688741721852
0.5262327818078083
0.3512195121951217
0.7307692307692306
0.5262327818078083
0.3640081799591002
0.5262327818078083
0.5262327818078083
0.5262327818078083
0.5262327818078083
0.5262327818078083
0.5297297297297298
0.2184873949579833
0.5262327818078083
0.5041975308641975
0.5
0.5262327818078083
0.4875346260387816
0.451171875
0.5262327818078083
0.5769230769230766
0.3257443082311735
0.5262327818078083
0.4875346260387816
0.5570776255707761
0.5262327818078083
0.801980198019802
0.5000000000000004
0.5262327818078083
0.3693910911319984
0.6666666666666666
0.7000000000000001
0.5262327818078083
0.5262327818078083
0.7924812030075188
0.5262327818078083
0.5
0.3950953678474117
0.5262327818078083
0.6016597510373444
0.818181818181818
0.5262327818078083
0.6847826086956522
0.5183574879227053
0.5262327818078083
0.34482758620689646
0.513392857142857
0.5262327818078083
0.3650793650793651
0.5
0.5262327818078083
0.5262327818078083
0.5
0.5262327818078083
0.27848101265822767
0.5262327818078083
0.5262327818078083
0.6519823788546256
0.7483050847457626
0.5262327818078083
0.4075829383886257
0.875
0.5262327818078083
0.5262327818078083
0.7959183673469388
0.3693910911319984
0.33333333333333337
0.5262327818078083
0.8
0.5262327818078083
0.5262327818078083
0.8
0.8431372549019609
0.5262327818078083
0.801980198019802
0.7648725212464591
0.5262327818078083
0.6190476190476193
0.6847826086956522
0.5262327818078083
0.6333333333333333
0.8571428571428571
0.5262327818078083
0.3869346733668344
0.3512195121951217
0.5262327818078083
0.4291609353507564
0.6165413533834587
0.5262327818078083
0.32692307692307687
0.9285714285714286
0.5262327818078083
0.4827586206896556
0.5183574879227053
0.5262327818078083
0.782178217821782
0.40625
0.5262327818078083
0.5262327818078083
0.5131611932815242
0.5262327818078083
0.6456692913385825
0.5
0.5262327818078083
0.5262327818078083
0.5262327818078083
0.5262327818078083
0.5262327818078083
0.9411764705882353
0.5303030303030304
0.5262327818078083
0.8
0.6999999999999997
0.5262327818078083
0.7500000000000002
0.5702515177797052
0.5262327818078083
0.5999999999999999
0.6666666666666666
0.5082095387021112
0.5262327818078083
0.5746682977321914
0.5
0.5262327818078083
0.5732087227414331
0.408695652173913
0.5262327818078083
0.5384615384615385
0.5496688741721852
0.5262327818078083
0.3693910911319984
0.7499999999999999
0.5262327818078083
0.46153846153846145
0.5401234567901233
0.5262327818078083
0.5
0.20588235294117652
0.5262327818078083
0.19999999999999996
0.5454545454545455
0.5262327818078083
0.21875
0.6101694915254235
0.21875
0.34482758620689646
0.5262327818078083
0.7230769230769232
0.8636363636363636
0.5262327818078083
0.7391304347826086
0.7959183673469388
0.6813186813186815
0.5
0.5262327818078083
0.6536312849162014
0.7656903765690377
0.589403973509934
0.3403041825095059
0.5262327818078083
0.41666666666666685
0.5999999999999999
0.5262327818078083
0.5262327818078083
0.33333333333333337
0.5262327818078083
0.3437500000000001
0.7707509881422924
0.5262327818078083
0.33777777777777795
0.5262327818078083
0.5262327818078083
0.8333333333333333
0.801980198019802
0.5262327818078083
0.7499999999999999
0.6666666666666666
0.5262327818078083
0.7648725212464591
0.5017605633802817
0.5262327818078083
0.7633928571428572
0.5
0.5262327818078083
0.5763358778625954
0.5262327818078083
0.5262327818078083
0.6666666666666666
0.5
0.5262327818078083
0.8333333333333333
0.363517060367454
0.5262327818078083
0.5262327818078083
0.6627906976744187
0.5262327818078083
0.5262327818078083
0.5082095387021112
0.5262327818078083
0.6847826086956522
0.8333333333333333
0.5262327818078083
0.5262327818078083
0.3950953678474117
0.5262327818078083
0.8
0.5555555555555554
0.5262327818078083
0.23484848484848475
0.6551724137931035
0.5262327818078083
0.4545454545454545
0.6627906976744187
0.5262327818078083
0.34482758620689646
0.5262327818078083
0.5262327818078083
0.3560057887120115
0.3437500000000001
0.5262327818078083
0.40000000000000013
0.40000000000000013
0.7727272727272727
0.7727272727272727
0.5262327818078083
0.5262327818078083
0.11111111111111116
0.5262327818078083
0.45783132530120485
0.363517060367454
0.5262327818078083
0.3512195121951217
0.9076923076923077
0.5262327818078083
0.609756097560976
0.33777777777777795
0.5262327818078083
0.5262327818078083
0.5833333333333336
0.5262327818078083
0.40914866581956777
0.44444444444444464
0.5262327818078083
0.5384615384615385
0.4920634920634922
0.5262327818078083
0.5
0.724137931034483
0.5262327818078083
0.5714285714285712
0.6111111111111112
0.5262327818078083
0.6062992125984252
0.5262327818078083
0.5262327818078083
0.5262327818078083
0.38888888888888884
0.5262327818078083
0.5262327818078083
0.801980198019802
0.46733668341708556
0.5262327818078083
0.7600000000000001
0.5262327818078083
0.5262327818078083
0.4545454545454545
0.4545454545454545
0.5303030303030304
0.5262327818078083
0.5262327818078083
0.6666666666666666
0.5262327818078083
0.26988636363636354
0.589403973509934
0.5262327818078083
0.5262327818078083
0.801980198019802
0.5262327818078083
0.26845637583892623
0.6796875000000002
0.5262327818078083
0.18888888888888877
0.40909090909090895
0.5649484536082474
0.5262327818078083
0.6813186813186815
0.5082095387021112
0.2789699570815448
0.3437500000000001
0.5262327818078083
0.5459317585301836
0.5131611932815242
0.5262327818078083
0.4328358208955221
0.3257443082311735
0.5262327818078083
0.6888888888888887
0.5262327818078083
0.5262327818078083
0.7272727272727271
0.25210084033613434
0.5262327818078083
0.3869346733668344
0.6153846153846156
0.5262327818078083
0.27848101265822767
0.5262327818078083
0.5262327818078083
0.523295070898042
0.5262327818078083
0.5262327818078083
0.6785714285714288
0.9166666666666667
0.5262327818078083
0.42592592592592615
0.875
0.5262327818078083
0.8333333333333333
0.8333333333333333
0.5262327818078083
0.775
0.6796875000000002
0.5702515177797052
0.589403973509934
0.5262327818078083
0.5262327818078083
0.5262327818078083
0.5262327818078083
0.7254901960784312
0.7506702412868634
0.5262327818078083
0.801980198019802
0.5262327818078083
0.5262327818078083
0.4538461538461539
0.46153846153846145
0.5262327818078083
0.5
0.40914866581956777
0.3684210526315791
0.5104166666666671
0.5262327818078083
0.5
0.3640081799591002
0.5262327818078083
0.19512195121951237
0.4249999999999997
0.5262327818078083
0.40914866581956777
0.5
0.5262327818078083
0.9111111111111111
0.589403973509934
0.5262327818078083
0.5262327818078083
0.5459317585301836
0.5131611932815242
0.5262327818078083
0.8035714285714286
0.5262327818078083
0.5262327818078083
0.625
0.7999999999999997
0.5262327818078083
0.3693910911319984
0.5
0.5262327818078083
0.5262327818078083
0.5262327818078083
0.5262327818078083
0.806451612903226
0.4780000000000002
0.9230769230769229
0.5262327818078083
0.8571428571428571
0.5321100917431194
0.5262327818078083
0.38398357289527707
0.31063829787234054
0.5262327818078083
0.4403470715835145
0.7714285714285717
0.823529411764706
0.7272727272727271
0.5262327818078083
0.4328358208955221
0.5262327818078083
0.5262327818078083
0.1847826086956521
0.896551724137931
0.5262327818078083
0.38095238095238115
0.507878787878788
0.5262327818078083
0.5396825396825398
0.7499999999999999
0.5262327818078083
0.408695652173913
0.4328358208955221
0.5262327818078083
0.34426229508196715
0.3512195121951217
0.5262327818078083
0.8999999999999999
0.5401234567901233
0.5262327818078083
0.6666666666666666
0.29166666666666685
0.5262327818078083
0.5
0.7648725212464591
0.5262327818078083
0.42105263157894746
0.5099050763516304
0.5262327818078083
0.8333333333333333
0.9090909090909091
0.5262327818078083
0.4920634920634922
0.4328358208955221
0.5262327818078083
0.5
0.5683646112600538
0.5262327818078083
0.6785714285714288
0.39197680038666016
0.5262327818078083
0.4388489208633094
0.6666666666666666
0.5262327818078083
0.3653846153846154
0.5262327818078083
0.5262327818078083
0.375
0.25210084033613434
0.5262327818078083
0.3403041825095059
0.40000000000000013
0.5262327818078083
0.8571428571428571
0.8571428571428571
0.5262327818078083
0.39041446358519516
0.5826296743063932
0.5262327818078083
0.5826296743063932
0.5262327818078083
0.4166666666666664
0.5262327818078083
0.5262327818078083
0.5131611932815242
0.5262327818078083
0.5262327818078083
0.811188811188811
0.2543859649122804
0.5262327818078083
0.5262327818078083
0.5
0.43181818181818177
0.5262327818078083
0.6122448979591835
0.9166666666666667
0.5262327818078083
0.5746682977321914
0.7000000000000001
0.5262327818078083
0.5262327818078083
0.40914866581956777
0.6281588447653425
0.5262327818078083
0.625
0.6666666666666666
0.5262327818078083
0.692307692307692
0.5
0.5262327818078083
0.49287749287749283
0.34722222222222254
0.5262327818078083
0.363517060367454
0.3512195121951217
0.5262327818078083
0.9500000000000001
0.5401234567901233
0.5262327818078083
0.5
0.5262327818078083
0.5262327818078083
0.6536312849162014
0.5
0.5262327818078083
0.5262327818078083
0.7499999999999999
0.5262327818078083
0.6923076923076924
0.5980392156862745
0.5262327818078083
0.7272727272727275
0.5
0.5262327818078083
0.5262327818078083
0.9047619047619047
0.5262327818078083
0.8333333333333333
0.3571428571428572
0.5262327818078083
0.5262327818078083
0.513392857142857
0.5262327818078083
0.3640081799591002
0.5573294629898403
0.5262327818078083
0.5321100917431194
0.3560057887120115
0.5262327818078083
0.34782608695652206
0.26845637583892623
0.5262327818078083
0.41272051996285974
0.5539033457249072
0.5262327818078083
0.806451612903226
0.19999999999999996
0.5262327818078083
0.5
0.8
0.5262327818078083
0.3693910911319984
0.6796875000000002
0.5262327818078083
0.9047619047619047
0.5
0.5262327818078083
0.6193548387096776
0.6885245901639343
0.5262327818078083
0.3235294117647055
0.5763358778625954
0.5262327818078083
0.33333333333333337
0.6101694915254235
0.5262327818078083
0.4545454545454545
0.5262327818078083
0.5262327818078083
0.5262327818078083
0.5262327818078083
0.47882136279926335
0.5262327818078083
0.38235294117647056
0.2500000000000001
0.5262327818078083
0.9230769230769229
0.4780000000000002
0.5262327818078083
0.5900709219858153
0.5262327818078083
0.5262327818078083
0.5262327818078083
0.875
0.5262327818078083
0.5
0.8
0.5262327818078083
0.4516129032258063
0.4388489208633094
0.5262327818078083
0.40914866581956777
0.5262327818078083
0.44444444444444464
0.5262327818078083
0.5934230194319879
0.34482758620689646
0.5262327818078083
0.40914866581956777
0.6805555555555556
0.5262327818078083
0.6666666666666666
0.7506702412868634
0.5262327818078083
0.84375
0.5652173913043479
0.5
0.5262327818078083
0.5262327818078083
0.19999999999999996
0.5262327818078083
0.3539362394274561
0.35593220338983034
0.4075829383886257
0.3975903614457833
0.5262327818078083
0.7633928571428572
0.3869346733668344
0.5262327818078083
0.579185520361991
0.5262327818078083
0.5262327818078083
0.625
0.35408560311284054
0.5262327818078083
0.5
0.5
0.3693910911319984
0.7692307692307692
0.5262327818078083
0.6233766233766236
0.5262327818078083
0.5262327818078083
0.4644808743169403
0.784313725490196
0.5909090909090907
0.5262327818078083
0.5262327818078083
0.5702515177797052
0.5262327818078083
0.5262327818078083
0.7483050847457626
0.5262327818078083
0.5262327818078083
0.5384615384615385
0.4644808743169403
0.5262327818078083
0.46325878594249204
0.5492584745762712
0.47882136279926335
0.738317757009346
0.5262327818078083
0.9756097560975611
0.5
0.5262327818078083
0.5
0.5
0.3693910911319984
0.6142857142857142
0.5262327818078083
0.5
0.6461038961038961
0.5262327818078083
0.5833333333333336
0.5740740740740738
0.5262327818078083
0.8
0.9076923076923077
0.5262327818078083
0.579185520361991
0.5262327818078083
0.5262327818078083
0.33333333333333337
0.6756756756756758
0.5262327818078083
0.4406901509705248
0.4137931034482759
0.5262327818078083
0.7499999999999999
0.5262327818078083
0.5262327818078083
0.14666666666666683
0.6805555555555556
0.33730158730158744
0.4807692307692304
0.5262327818078083
0.9076923076923077
0.9090909090909091
0.5262327818078083
0.6071428571428569
0.44715447154471544
0.5262327818078083
0.34722222222222254
0.37623762376237646
0.5262327818078083
0.5262327818078083
0.5420560747663552
0.5262327818078083
0.36842105263157865
0.7499999999999999
0.5262327818078083
0.5826296743063932
0.5892857142857142
0.5262327818078083
0.52
0.4508547008547008
0.8181818181818182
0.7446808510638298
0.5262327818078083
0.40000000000000013
0.5
0.5262327818078083
0.5
0.5283018867924524
0.5262327818078083
0.3869346733668344
0.8
0.6551724137931035
0.5262327818078083
0.6666666666666666
0.5262327818078083
0.5262327818078083
0.5017605633802817
0.5
0.5262327818078083
0.3693910911319984
0.5262327818078083
0.3669724770642201
0.5262327818078083
0.3717948717948715
0.7272727272727275
0.5262327818078083
0.2500000000000001
0.5262327818078083
0.5262327818078083
0.25210084033613434
0.5454545454545455
0.5262327818078083
0.3150105708245242
0.5131611932815242
0.5262327818078083
0.7656903765690377
0.6777777777777778
0.5262327818078083
0.4390476190476189
0.5570776255707761
0.634146341463415
0.3474903474903477
0.5262327818078083
0.40000000000000013
0.363517060367454
0.5262327818078083
0.29999999999999993
0.3950953678474117
0.5262327818078083
0.6813186813186815
0.5
0.5262327818078083
0.3693910911319984
0.692307692307692
0.5262327818078083
0.8636363636363636
0.7230769230769232
0.33333333333333337
0.6666666666666666
0.5262327818078083
0.5262327818078083
0.5262327818078083
0.4075829383886257
0.21238938053097345
0.5262327818078083
0.4508547008547008
0.37084870848708507
0.5262327818078083
0.7483050847457626
0.5262327818078083
0.5262327818078083
0.3666666666666667
0.3855421686746988
0.5262327818078083
0.4388489208633094
0.5441789912779675
0.5262327818078083
0.5702479338842974
0.6582579723940979
0.33777777777777795
0.4951644100580269
0.5262327818078083
0.8
0.6666666666666666
0.5262327818078083
0.5262327818078083
0.7592592592592592
0.5262327818078083
0.4388489208633094
0.5702479338842974
0.5262327818078083
0.5
0.5
0.5262327818078083
0.52
0.6101694915254235
0.5262327818078083
0.5
0.2063492063492065
0.5262327818078083
0.5262327818078083
0.5262327818078083
0.5262327818078083
0.7692307692307692
0.7648725212464591
0.5262327818078083
0.7499999999999999
0.5262327818078083
0.5262327818078083
0.4146341463414638
0.8333333333333333
0.5262327818078083
0.4538461538461539
0.647058823529412
0.5262327818078083
0.2564102564102565
0.8333333333333333
0.5262327818078083
0.5111111111111111
0.5111111111111111
0.4328358208955221
0.4328358208955221
0.5262327818078083
0.5262327818078083
0.6777777777777778
0.5262327818078083
0.7707509881422924
0.8636363636363636
0.5262327818078083
0.5262327818078083
0.5
0.8
0.5262327818078083
0.7727272727272727
0.8666666666666666
0.5262327818078083
0.4807692307692304
0.5999999999999999
0.5262327818078083
0.7714285714285717
0.875
0.5262327818078083
0.5305096913137115
0.335570469798658
0.5262327818078083
0.3033509700176368
0.7150301700493692
0.5262327818078083
0.7187500000000002
0.34782608695652206
0.5262327818078083
0.5262327818078083
0.6536312849162014
0.5262327818078083
0.5098039215686277
0.6538461538461539
0.5262327818078083
0.875
0.6999999999999997
0.5262327818078083
0.37209302325581406
0.5262327818078083
0.5262327818078083
0.7499999999999999
0.5573294629898403
0.5262327818078083
0.21739130434782616
0.507878787878788
0.5262327818078083
0.5
0.5
0.5262327818078083
0.8399999999999999
0.2063492063492065
0.5262327818078083
0.7692307692307692
0.5714285714285714
0.5262327818078083
0.5262327818078083
0.5495207667731629
0.5262327818078083
0.6666666666666666
0.6666666666666666
0.5262327818078083
0.9090909090909091
0.2272727272727273
0.5262327818078083
0.408695652173913
0.5
0.5262327818078083
0.40914866581956777
0.6101694915254235
0.5262327818078083
0.4285714285714284
0.4615384615384618
0.5262327818078083
0.38235294117647056
0.7499999999999999
0.5262327818078083
0.5262327818078083
0.5826296743063932
0.5262327818078083
0.5875212430201505
0.5262327818078083
0.4470588235294115
0.8571428571428571
0.5262327818078083
0.4473684210526315
0.9285714285714286
0.5262327818078083
0.875
0.7499999999999999
0.5262327818078083
0.33333333333333337
0.5454545454545455
0.5262327818078083
0.5476190476190477
0.3346534653465346
0.5262327818078083
0.39197680038666016
0.3512195121951217
0.5262327818078083
0.7272727272727271
0.33777777777777795
0.5262327818078083
0.4545454545454545
0.21875
0.3693910911319984
0.3950953678474117
0.5262327818078083
0.801980198019802
0.5262327818078083
0.5262327818078083
0.7499999999999999
0.3717948717948715
0.5262327818078083
0.5
0.5999999999999999
0.5262327818078083
0.8579088471849866
0.5262327818078083
0.5262327818078083
0.5765702187720536
0.5262327818078083
0.5262327818078083
0.5714285714285712
0.3924050632911391
0.5262327818078083
0.6666666666666666
0.26988636363636354
0.5262327818078083
0.36363636363636365
0.5
0.5262327818078083
0.875
0.7499999999999999
0.5262327818078083
0.3693910911319984
0.7692307692307692
0.5262327818078083
0.7707509881422924
0.5833333333333336
0.5262327818078083
0.6666666666666666
0.4516129032258063
0.5262327818078083
0.5147058823529411
0.2543859649122804
0.5262327818078083
0.3693910911319984
0.26845637583892623
0.5262327818078083
0.5614035087719293
0.8
0.5262327818078083
0.40914866581956777
0.8
0.5262327818078083
0.4951644100580269
0.5131611932815242
0.5262327818078083
0.48288973384030387
0.35408560311284054
0.5262327818078083
0.7906976744186047
0.5
0.5262327818078083
0.5262327818078083
0.5
0.5262327818078083
0.52
0.5
0.5262327818078083
0.4146341463414638
0.5262327818078083
0.5262327818078083
0.16666666666666674
0.7499999999999999
0.5262327818078083
0.7040816326530615
0.5401234567901233
0.5262327818078083
0.5262327818078083
0.5555555555555554
0.5262327818078083
0.8333333333333333
0.5826296743063932
0.5262327818078083
0.5725806451612904
0.6832298136645965
0.5262327818078083
0.6813186813186815
0.27272727272727293
0.5262327818078083
0.8
0.5111111111111111
0.5262327818078083
0.40625
0.47058823529411753
0.5262327818078083
0.7499999999999999
0.5262327818078083
0.5262327818078083
0.34722222222222254
0.5262327818078083
0.9076923076923077
0.3437908496732025
0.5262327818078083
0.5826296743063932
0.3485401459854016
0.5262327818078083
0.6394849785407725
0.7499999999999999
0.5262327818078083
0.7787610619469026
0.33777777777777795
0.5262327818078083
0.40000000000000013
0.19999999999999996
0.5262327818078083
0.5225225225225225
0.5262327818078083
0.5262327818078083
0.6062992125984252
0.5262327818078083
0.5262327818078083
0.5262327818078083
0.5262327818078083
0.564547206165703
0.5262327818078083
0.9230769230769229
0.5454545454545455
0.5262327818078083
0.5262327818078083
0.9166666666666667
0.5262327818078083
0.4303797468354429
0.5262327818078083
0.6071428571428569
0.5
0.5262327818078083
0.20833333333333326
0.34984833164812934
0.33074534161490665
0.5262327818078083
0.52
0.33333333333333337
0.5262327818078083
0.4473684210526315
0.47058823529411753
0.5262327818078083
0.42000000000000015
0.3156966490299825
0.5262327818078083
0.5
0.5111111111111111
0.5262327818078083
0.5441789912779675
0.8125
0.5262327818078083
0.6129032258064517
0.21153846153846168
0.5262327818078083
0.5900709219858153
0.39041446358519516
0.5262327818078083
0.5262327818078083
0.7500000000000002
0.5262327818078083
0.875
0.7648725212464591
0.5262327818078083
0.5262327818078083
0.5262327818078083
0.5262327818078083
0.5262327818078083
0.9076923076923077
0.5262327818078083
0.09090909090909094
0.09090909090909094
0.6111111111111112
0.6111111111111112
0.5262327818078083
0.5147058823529411
0.45783132530120485
0.5262327818078083
0.34289617486338797
0.5262327818078083
0.5262327818078083
0.5875212430201505
0.3720930232558136
0.5262327818078083
0.4388489208633094
0.7150301700493692
0.5262327818078083
0.2525252525252527
0.5041975308641975
0.5262327818078083
0.25815217391304357
0.6666666666666666
0.5262327818078083
0.33108108108108136
0.5
0.5262327818078083
0.9285714285714286
0.6777777777777778
0.5262327818078083
0.09090909090909094
0.6111111111111112
0.5262327818078083
0.5
0.8333333333333333
0.5262327818078083
0.5459317585301836
0.3150105708245242
0.5262327818078083
0.3512195121951217
0.5384615384615385
0.5262327818078083
0.5041975308641975
0.589403973509934
0.5999999999999999
0.5262327818078083
0.8579088471849866
0.625
0.5262327818078083
0.589403973509934
0.40000000000000013
0.50814332247557
0.5262327818078083
0.5262327818078083
0.8571428571428571
0.8571428571428571
0.5262327818078083
0.3693910911319984
0.42647058823529405
0.7264957264957267
0.37623762376237646
0.5262327818078083
0.4615384615384618
0.6111111111111112
0.5262327818078083
0.6519823788546256
0.6847826086956522
0.6519823788546256
0.5262327818078083
0.5
0.7499999999999999
0.5262327818078083
0.5262327818078083
0.7592592592592592
0.5262327818078083
0.2954545454545455
0.5
0.5262327818078083
0.8333333333333333
0.4545454545454545
0.5262327818078083
0.6536312849162014
0.7656903765690377
0.5262327818078083
0.33333333333333337
0.26845637583892623
0.5262327818078083
0.6456692913385825
0.2871621621621623
0.5262327818078083
0.3500000000000001
0.4406901509705248
0.5262327818078083
0.5
0.9076923076923077
0.5262327818078083
0.5
0.5
0.5262327818078083
0.7483050847457626
0.5262327818078083
0.6394849785407725
0.5262327818078083
0.5017605633802817
0.3257443082311735
0.5262327818078083
0.5384615384615385
0.31818181818181845
0.5262327818078083
0.5262327818078083
0.4536082474226808
0.5262327818078083
0.4875346260387816
0.38398357289527707
0.5262327818078083
0.5
0.5283018867924524
0.5262327818078083
0.5262327818078083
0.8529411764705881
0.5000000000000004
0.5262327818078083
0.2615384615384615
0.31063829787234054
0.5262327818078083
0.5750000000000003
0.5750000000000003
0.5262327818078083
0.7499999999999999
0.5283018867924524
0.5262327818078083
0.5333333333333333
0.6558628208940429
0.5262327818078083
0.5262327818078083
0.8653846153846153
0.5262327818078083
0.3235294117647055
0.7368421052631581
0.5262327818078083
0.9076923076923077
0.4196428571428572
0.5262327818078083
0.2184873949579833
0.5262327818078083
0.5262327818078083
0.5
0.5262327818078083
0.7500000000000002
0.9090909090909091
0.5262327818078083
0.3950953678474117
0.31481481481481466
0.5262327818078083
0.5
0.6142857142857142
0.5262327818078083
