0.5
0.6413793103448273
0.6346666666666667
0.8842592592592592
0.5
0.5787736675372624
0.1875
0.33333333333333337
0.6911764705882352
0.9509589260325255
0.6666666666666671
0.8225480038726198
0.5
0.2534326709429151
0.30519480519480524
0.9231005611711044
0.9494665267322974
0.7292164085145418
0.573529411764706
0.7499999999999999
0.7499999999999999
0.31048326443577456
0.5
0.5856280886876077
0.2500000000000001
0.2500000000000001
0.9333333333333333
0.2355891012609156
0.523409627708693
0.7142857142857141
0.06538188355656793
0.5
0.7037037037037036
0.293103448275862
0.4979009235936188
0.7142857142857141
0.045454545454545525
0.7023809523809526
0.5664505672609401
0.6774921075767265
0.9473684210526315
0.9363115743076074
0.8333333333333333
0.7499999999999999
0.5
0.5
0.6666666666666666
0.23448275862068968
0.809315692587587
0.7499999999999999
0.7608695652173911
0.5
0.3957142857142856
0.7787044123132286
0.33333333333333337
0.6973684210526313
0.5691358024691356
0.5
0.2155172413793104
0.5970084676471505
0.8999999999999999
0.9310558581724172
0.4712643678160917
0.5
0.686538476016956
0.7485380116959063
0.4285714285714288
0.3684210526315791
0.5
0.6544641996441332
0.6096867165592778
0.692307692307692
