004642
004643
010989
008088
008089
160628
501011
501012
160218
000991
007178
011473
007216
161721
013273
001583
011726
005505
005506
006809
006810
501025
010365
168204
008114
008279
008115
001719
008280
161032
013275
501029
005161
005125
006748
005561
007191
005562
007751
007760
007466
007467
012724
501059
007674
012725
005223
009439
005224
007675
011229
011971
160517
011230
011972
008298
165525
161121
161723
008299
013082
009860
160418
160631
001594
004597
012042
001595
012712
012547
004598
240019
161724
012713
168205
161029
013330
013596
006697
007153
007154
010709
013019
100032
013020
010710
164811
161907
008682
009051
166402
164825
009052
090010
007801
003298
007605
003299
160716
007606
160725
008128
008163
008164
008129
001825
000893
519677
501310
000756
007397
006138
001628
002236
004856
004857
007671
160639
006195
003359
160135
007672
005662
000729
003634
005663
501305
001579
010434
001208
501306
240016
010349
008928
320020
008929
000916
001473
000577
007431
010769
050024
005051
003624
006658
010770
519193
202021
001917
006659
005052
004346
000979
003625
011836
519027
007950
501307
501308
501060
257060
310398
501061
013074
519671
007800
012728
001178
012729
501089
012808
160620
001469
001539
002979
011132
004098
005999
530010
011133
161211
008134
001577
161217
160814
007410
519686
007411
011630
011631
011319
001043
008283
011320
020021
501069
001651
012768
011478
012769
005702
011476
690008
011607
160221
165521
013121
003232
005106
012596
002952
161715
004350
012597
000628
003233
970042
006143
011066
010561
003194
007809
006144
164818
013218
007810
010677
009726
013219
007792
007793
002334
013437
009727
013438
007593
005825
160629
001637
001162
001638
002335
007594
004752
007784
007785
004753
004194
005313
005669
165312
008832
004195
005314
001576
002871
162907
008916
007796
002872
006743
011322
007505
006744
008917
007797
003016
007506
161030
009069
100053
013278
217027
003578
007788
010673
013286
000803
000586
003318
007789
009070
006129
004410
010674
000925
519117
006130
004432
168203
011424
008871
007786
501050
165520
010990
004433
006119
470007
005259
008907
006560
007787
010957
006395
013081
003986
008872
006438
008908
001781
006561
004698
010961
161036
040190
519975
007782
007794
005267
007783
006439
001520
006196
011349
011592
002670
502023
006197
206012
009613
004945
012810
162416
006220
009614
011350
004788
002671
006165
004789
000471
005457
007287
006221
005607
530015
000835
006166
013442
007379
008240
007380
005608
001548
005880
007288
011934
000418
003416
008189
008241
010573
006363
012151
005960
012080
004716
001549
502048
005994
000368
012152
001237
001645
519706
008190
590007
502040
005737
005881
013444
011506
012081
012244
000596
007952
070023
540007
011935
011295
450009
007089
161017
002199
008124
012875
006106
011321
202025
001051
007885
040180
013332
011507
001027
161026
012245
005998
005961
007886
110021
005733
007571
004532
502006
005832
163115
004743
160638
160643
399001
161039
502003
920003
010364
004533
012873
007275
460220
011824
013331
003646
006783
012842
519180
502020
006486
001214
003647
920923
008396
006784
168701
007276
006087
006682
167503
007932
011107
011825
006487
011108
161024
007817
004790
001050
008397
008001
160616
004791
010992
013035
005965
501067
001097
005829
007818
168702
008618
008778
005870
006938
000478
009106
008619
012206
010993
003017
005966
501068
005310
005830
008779
165511
162413
501030
502013
005693
007028
012207
007029
162307
005633
009107
000978
010236
002076
005530
501031
163407
013119
008238
004488
013639
009476
002311
501036
007143
007386
161123
002316
519100
164908
008382
010556
501019
000042
007230
013413
501037
006729
007903
519034
160119
005229
006214
008239
006034
006215
000962
007144
001725
050013
000008
013640
009004
540012
005919
012126
000326
006730
011685
006611
000656
002906
004348
001736
002210
001015
001052
320010
000948
070039
162711
164809
001241
004891
012127
011860
001149
002903
002907
011861
005734
005660
011686
011498
006382
007223
004892
008258
001016
010351
011384
001692
006656
202211
008259
013031
001044
003865
160806
519116
100038
165515
006286
011220
005661
007831
162510
004192
005691
006657
006675
009336
013032
007657
011499
160807
213010
005189
005770
001186
006293
001242
920002
013291
011385
007832
006704
660011
164402
013120
006705
162208
005635
000457
004193
580008
005761
007658
673090
005188
009337
011221
006063
008112
008407
410008
001455
010908
009658
920922
011125
502000
007388
009601
001351
000411
162216
005113
011142
110003
001397
001733
006676
020011
009113
011470
007580
006339
011179
013262
005762
008113
008408
012498
008201
010909
008303
004746
009300
010355
450008
005636
005868
008390
005114
010469
010153
005869
009608
012835
320014
005867
011180
162509
008898
009775
011143
050002
167301
007389
009602
008391
006818
001188
008056
501302
519300
007135
010154
001008
007538
320022
010470
008899
002310
007136
310318
161607
007096
001167
007539
009609
009479
160919
010352
012499
165309
002315
009480
007856
000975
008304
002385
009374
006819
240014
166802
001974
007857
005137
008057
005788
005659
001672
008944
006048
007804
163821
012836
005735
008945
160615
009375
011328
001070
001588
009059
164508
011329
011224
000409
004874
007354
012045
007405
501086
481009
007448
501043
000613
005789
006600
007413
013134
008736
001589
002289
007806
006939
165310
011035
110020
000827
160925
008399
012811
162213
001420
000826
011036
008973
009060
501045
000974
005639
007339
006440
410010
012046
006937
008400
000778
003475
005102
009179
202015
003548
007807
011225
009208
012275
660008
003366
008261
000961
001426
009180
006441
163111
519965
000512
012754
005640
005103
007357
160630
270026
007470
270010
002063
005918
000051
160706
007039
008737
004342
007994
012755
013233
012041
007799
010432
012276
164401
002987
006524
540008
006020
004858
161811
003145
007471
005658
163808
006525
009043
160724
376510
501301
013234
007995
005248
163110
200002
008262
040002
501309
006021
000746
009875
000248
012926
013511
009379
012911
008184
009876
161118
012857
006355
006912
460300
010872
012927
004190
004730
008768
481012
012912
006131
012872
000950
010873
007882
007541
004191
004997
006724
012930
070030
008769
008926
000311
004403
011545
009874
003884
007943
002595
161816
010160
001054
003834
007044
005727
008776
008927
003876
004513
011546
004512
008777
003885
010953
011722
007045
010341
013355
010703
011723
007404
010954
000866
013188
519032
160625
004404
001158
001528
009126
160634
003015
164304
163114
010704
005502
001552
290010
000985
011149
000082
010419
003579
161037
009127
001553
010342
005970
001396
340006
001542
005062
001236
011150
001223
006712
008072
009904
012503
006713
005795
007815
165806
000955
012730
009905
000176
007816
000059
002556
012504
501303
000309
673100
010128
005554
009341
013132
012731
001541
006569
008177
167302
673101
005555
004995
004996
540006
012537
012645
009398
502053
003957
010129
013133
004640
006593
012538
164905
010955
001421
003958
012461
012516
013453
009805
010245
010956
006594
012646
004784
001064
161631
009899
008326
012517
001490
008234
110030
012462
008236
002984
011326
008327
010998
160516
009239
001550
001790
001042
001556
008237
010202
005813
001551
011839
161033
501016
163109
009491
012605
160133
013292
005707
001028
000312
010203
011840
001557
001133
007548
010253
011323
010141
009384
005814
008052
009079
011205
002977
012606
010120
012445
009080
002510
008199
010157
009492
008585
000313
700002
202017
011651
519673
008592
160633
007992
005962
007795
011667
008053
008200
008586
010736
010158
010121
000968
001707
006911
006098
009513
012044
008590
160419
008249
161720
163113
008593
004345
007993
011668
001521
004812
010142
013597
010737
002982
003745
008591
001677
501047
001166
007983
008250
012362
161227
010409
007531
009550
501048
006687
009514
004069
011652
005963
001195
167601
007984
013179
002229
006957
000867
360001
005628
012363
010812
502010
012415
001416
013180
005288
006478
003190
161027
004070
006688
001180
004813
013276
012416
008294
005629
007839
010196
012874
011645
002978
160137
005287
006604
009551
519714
006251
006193
011966
217016
161612
006803
000549
001718
007840
008713
003984
007523
010197
501007
004875
011832
001878
003191
011646
011923
010331
006605
011967
004408
530018
110019
008714
000696
008295
501008
470068
011833
000513
004742
003985
010332
005063
005235
006194
007524
012831
740101
165519
540009
012548
009116
005064
008975
009117
012549
012832
011926
005236
013080
161812
008976
160225
161604
009240
012698
007737
162714
001726
001877
004876
012655
012699
009472
001643
003760
003761
000592
000971
009557
000884
000761
010003
001245
003069
005268
012658
160222
012763
013613
002900
501057
001644
004686
010680
012764
010505
010749
001476
010854
010004
003070
010001
501058
012679
164205
004347
008445
011512
010322
012680
010161
013049
011102
012181
012722
165522
010777
011513
006781
010750
011103
090012
010002
010892
013195
012723
009067
010681
010162
013242
013122
013050
008749
005009
010855
160632
009981
010778
010893
009068
012885
013196
001036
001631
001975
001361
163209
008750
002168
001632
009982
012886
001047
011316
011042
001714
010805
009891
011317
012364
009147
010356
165523
012365
013105
012210
005037
001404
001277
000688
010806
005873
013106
585001
013083
010687
012211
012394
005038
009046
012543
013177
011043
008154
007842
161028
011882
012544
013443
005874
009047
008155
001849
007664
013048
013178
501090
000373
001319
007665
007853
001616
006909
161031
050021
007843
162107
009012
012552
009329
002980
006926
000376
370023
006910
012553
160223
008075
001291
007474
009013
011883
001163
167702
007133
011463
006341
004616
001193
001879
006868
013004
007475
167703
006342
010495
006603
009194
160637
013013
006928
012969
165524
007134
009852
008166
008076
501005
004925
012970
217019
013014
010785
013005
006248
008854
009195
161725
006346
005927
009864
011269
005763
013084
012414
233010
180003
010496
501006
013151
004409
006249
000942
012629
008537
006751
002656
005390
006502
006347
011270
002974
001592
010786
008889
008167
010771
007137
008551
001410
217017
011146
008855
012630
001593
010183
004343
005391
005928
012401
004683
008552
008538
010524
010772
010801
003853
006265
009865
001496
161022
011126
011147
010361
004407
008958
110026
013277
001705
012402
013339
006756
011853
012636
006503
005885
011104
001409
004744
003765
007138
161613
000697
007300
008009
006757
012637
008887
010802
003766
010362
013340
011854
007301
012116
010815
004870
008888
012043
012117
012973
160420
004189
004352
008020
012974
005968
161718
012550
001039
008021
012551
009988
161122
007464
004476
008086
160635
012496
007590
011418
010366
010572
005969
005569
007873
007465
008087
006257
011122
005612
163116
002621
012882
012497
501009
011419
012883
007076
007874
163118
160422
160626
010531
008934
005570
671030
004606
007685
501010
012040
160424
005826
008281
007077
011793
008519
011123
001072
013445
012837
001113
006692
008282
002697
009954
005802
008520
000960
160219
001617
008935
012838
013446
001605
004344
001618
001703
012862
001105
012863
006693
001171
001126
005620
010420
011377
011040
000594
007472
161025
012238
011041
008314
000854
011378
007473
012598
012737
005621
008709
000828
160224
012738
012599
011373
004450
012800
160127
160636
008315
005035
161726
004292
012417
005036
001629
160144
011236
011374
010585
001630
001938
161035
000524
011237
010586
110022
005626
001482
008264
004241
007965
006081
003053
000780
013306
007966
013307
008265
003054
011254
011614
006080
013317
160322
011285
005495
011612
012315
011077
011615
011255
013318
001104
011613
011608
011286
011609
005496
012316
012884
000996
010204
012326
012898
012899
011610
012327
013505
010112
011611
013302
004040
009017
013304
010113
001048
013303
004854
012894
013305
004041
004855
012895
012907
013313
013298
013314
161628
001899
002332
012908
013299
013315
008860
013310
010391
008286
013316
002333
013311
010392
002861
001344
009733
007883
008107
006981
540010
009734
006671
005112
007005
010013
005328
001230
012321
012322
004075
001313
000793
009863
519935
001685
003230
000831
009414
001717
010321
005237
003231
006923
167506
013162
005238
010685
013163
006924
167507
011013
002387
001626
001915
011014
007512
005433
013093
009502
008085
009898
013094
009503
008084
006002
006003
007750
001956
009265
000751
012634
011457
012635
001040
002121
001009
010024
004805
006786
009877
013152
006787
005402
012600
001764
010235
009537
011425
001749
009538
011426
900029
009896
900030
009897
005983
162412
003956
012323
000711
005894
502056
002300
012696
009881
012697
012371
012372
399011
008412
008413
004851
005303
009163
519606
005304
009162
005209
005210
001766
005777
501311
006228
006614
006229
000913
010592
010593
010387
010388
011601
011602
011589
013473
013606
012319
012320
012901
013474
012213
012559
012212
013642
012157
012405
013129
013319
013320
012180
012215
013816
012560
013125
013448
013130
012619
013465
013475
012179
012214
012809
013810
012761
013490
013491
013803
013476
012419
012900
013126
012555
011590
014118
014185
012561
012695
014380
012620
014133
014028
014173
014172
013918
012759
013471
013879
014063
014111
014019
014126
014100
012664
012718
014193
013869
013447
012694
014304
013878
014331
014130
013899
014431
014201
012644
013926
014052
008924
013622
014237
013478
014155
014156
014099
012717
014046
014188
012663
014419
013919
013477
014117
013881
014125
013941
013802
013817
012562
012762
012801
014227
013870
014187
013811
014198
013942
012643
014418
014226
013908
013900
014416
014345
014238
014064
014163
014186
013415
014154
014303
501219
013907
014432
014533
014332
014531
014364
013834
013174
013472
013601
013602
014256
014530
160646
014134
014302
013416
014344
012989
012340
012341
014110
014194
012990
013833
014153
014528
012855
013927
014532
013053
013054
014529
013011
013940
014129
012708
014544
012760
014128
014062
013012
014407
014602
014737
013466
014932
014967
014536
015042
012782
012158
014902
013605
014942
014534
012554
015075
014535
015002
005627
013641
015038
010144
014979
014202
015123
012781
012962
014736
013481
015060
008923
015225
014605
014930
012709
014543
014455
014863
014661
014453
014417
014937
014984
014985
015157
015337
015046
015177
013922
014406
015178
013923
015170
014907
014994
014997
014864
014776
014908
015176
015114
015226
015159
014674
012802
014519
015040
013873
013874
014629
015048
015172
015171
014866
014906
015336
014604
012734
012700
015196
013480
014372
015198
014520
014903
014943
015395
014983
015037
014018
014777
014662
015001
014980
014174
014218
014219
014603
012961
015194
012590
014909
012854
015364
012733
015468
014673
015484
014301
015475
013943
